time,ref_freq,est_freq,confidence
0.0,0.0,0.0,0.087
0.001,0.0,0.0,0.095
0.002,0.0,0.0,0.101
0.003,0.0,0.0,0.095
0.004,0.0,0.0,0.095
0.005,0.0,0.0,0.101
0.006,0.0,0.0,0.1
0.007,0.0,0.0,0.093
0.008,0.0,0.0,0.088
0.009,0.0,0.0,0.089
0.01,0.0,0.0,0.092
0.011,0.0,0.0,0.091
0.012,0.0,0.0,0.086
0.013,0.0,0.0,0.087
0.014,0.0,0.0,0.088
0.015,0.0,0.0,0.083
0.016,0.0,0.0,0.081
0.017,0.0,0.0,0.082
0.018,0.0,0.0,0.085
0.019,0.0,0.0,0.086
0.02,0.0,0.0,0.089
0.021,0.0,0.0,0.089
0.022,0.0,0.0,0.089
0.023,0.0,0.0,0.091
0.024,0.0,0.0,0.088
0.025,0.0,0.0,0.086
0.026,0.0,0.0,0.09
0.027,0.0,0.0,0.087
0.028,0.0,0.0,0.084
0.029,0.0,0.0,0.089
0.03,0.0,0.0,0.09
0.031,0.0,0.0,0.09
0.032,0.0,0.0,0.093
0.033,0.0,0.0,0.088
0.034,0.0,0.0,0.09
0.035,0.0,0.0,0.103
0.036,0.0,0.0,0.101
0.037,0.0,0.0,0.099
0.038,0.0,0.0,0.107
0.039,0.0,0.0,0.101
0.04,0.0,0.0,0.099
0.041,0.0,0.0,0.105
0.042,0.0,0.0,0.098
0.043,0.0,0.0,0.095
0.044,0.0,0.0,0.102
0.045,0.0,0.0,0.095
0.046,0.0,0.0,0.09
0.047,0.0,0.0,0.096
0.048,0.0,0.0,0.089
0.049,0.0,0.0,0.085
0.05,0.0,0.0,0.091
0.051,0.0,0.0,0.087
0.052,0.0,0.0,0.087
0.053,0.0,0.0,0.095
0.054,0.0,0.0,0.09
0.055,0.0,0.0,0.087
0.056,0.0,0.0,0.095
0.057,0.0,0.0,0.089
0.058,0.0,0.0,0.086
0.059,0.0,0.0,0.095
0.06,0.0,0.0,0.093
0.061,0.0,0.0,0.091
0.062,0.0,0.0,0.099
0.063,0.0,0.0,0.093
0.064,0.0,0.0,0.088
0.065,0.0,0.0,0.097
0.066,0.0,0.0,0.094
0.067,0.0,0.0,0.087
0.068,0.0,0.0,0.095
0.069,0.0,0.0,0.091
0.07,0.0,0.0,0.086
0.071,0.0,0.0,0.092
0.072,0.0,0.0,0.087
0.073,0.0,0.0,0.081
0.074,0.0,0.0,0.086
0.075,0.0,0.0,0.081
0.076,0.0,0.0,0.073
0.077,0.0,0.0,0.08
0.078,0.0,0.0,0.078
0.079,0.0,0.0,0.07
0.08,0.0,0.0,0.075
0.081,0.0,0.0,0.072
0.082,0.0,0.0,0.066
0.083,0.0,0.0,0.071
0.084,0.0,0.0,0.07
0.085,0.0,0.0,0.063
0.086,0.0,0.0,0.065
0.087,0.0,0.0,0.063
0.088,0.0,0.0,0.056
0.089,0.0,0.0,0.056
0.09,0.0,0.0,0.056
0.091,0.0,0.0,0.05
0.092,0.0,0.0,0.05
0.093,0.0,0.0,0.049
0.094,0.0,0.0,0.043
0.095,0.0,0.0,0.043
0.096,0.0,0.0,0.042
0.097,0.0,0.0,0.037
0.098,0.0,0.0,0.036
0.099,0.0,0.0,0.035
0.1,0.0,0.0,0.031
0.101,0.0,0.0,0.029
0.102,0.0,0.0,0.028
0.103,0.0,0.0,0.024
0.104,0.0,0.0,0.024
0.105,0.0,0.0,0.022
0.106,0.0,0.0,0.019
0.107,0.0,0.0,0.018
0.108,0.0,0.0,0.017
0.109,0.0,0.0,0.015
0.11,0.0,0.0,0.014
0.111,0.0,0.0,0.014
0.112,0.0,0.0,0.012
0.113,0.0,0.0,0.011
0.114,0.0,0.0,0.011
0.115,0.0,0.0,0.009
0.116,500.84975551020403,0.0,0.009
0.117,500.84975551020403,0.0,0.009
0.118,500.84975551020403,0.0,0.008
0.119,500.84975551020403,0.0,0.008
0.12,500.84975551020403,0.0,0.009
0.121,500.84975551020403,0.0,0.008
0.122,500.84975551020403,0.0,0.008
0.123,500.84975551020403,0.0,0.008
0.124,500.84975551020403,0.0,0.008
0.125,500.84975551020403,0.0,0.008
0.126,500.84975551020403,0.0,0.008
0.127,500.84975551020403,0.0,0.008
0.128,500.84975551020403,0.0,0.008
0.129,500.84975551020403,0.0,0.009
0.13,500.84975551020403,0.0,0.008
0.131,500.84975551020403,0.0,0.008
0.132,500.84975551020403,0.0,0.009
0.133,500.84975551020403,0.0,0.008
0.134,500.84975551020403,0.0,0.008
0.135,500.84975551020403,0.0,0.009
0.136,500.84975551020403,0.0,0.009
0.137,500.84975551020403,0.0,0.008
0.138,500.84975551020403,0.0,0.009
0.139,500.84975551020403,0.0,0.009
0.14,500.84975551020403,0.0,0.009
0.141,500.84975551020403,0.0,0.01
0.142,500.84975551020403,0.0,0.01
0.143,500.84975551020403,0.0,0.01
0.144,500.84975551020403,0.0,0.011
0.145,500.84975551020403,0.0,0.011
0.146,500.84975551020403,0.0,0.011
0.147,500.84975551020403,0.0,0.012
0.148,500.84975551020403,0.0,0.012
0.149,500.84975551020403,0.0,0.013
0.15,500.84975551020403,0.0,0.014
0.151,500.84975551020403,0.0,0.014
0.152,500.84975551020403,0.0,0.015
0.153,500.84975551020403,0.0,0.017
0.154,500.84975551020403,0.0,0.017
0.155,500.84975551020403,0.0,0.018
0.156,500.84975551020403,0.0,0.02
0.157,500.84975551020403,0.0,0.021
0.158,500.84975551020403,0.0,0.021
0.159,500.84975551020403,0.0,0.023
0.16,500.84975551020403,0.0,0.023
0.161,500.84975551020403,0.0,0.023
0.162,500.84975551020403,0.0,0.025
0.163,500.84975551020403,0.0,0.025
0.164,500.84975551020403,0.0,0.025
0.165,500.84975551020403,0.0,0.026
0.166,500.84975551020403,0.0,0.026
0.167,500.84975551020403,0.0,0.026
0.168,500.84975551020403,0.0,0.026
0.169,500.84975551020403,0.0,0.026
0.17,500.84975551020403,0.0,0.025
0.171,500.84975551020403,0.0,0.026
0.172,500.84975551020403,0.0,0.026
0.173,500.84975551020403,0.0,0.025
0.174,500.84975551020403,0.0,0.025
0.175,500.84975551020403,0.0,0.025
0.176,500.84975551020403,0.0,0.024
0.177,500.84975551020403,0.0,0.024
0.178,500.84975551020403,0.0,0.022
0.179,500.84975551020403,0.0,0.021
0.18,500.84975551020403,0.0,0.021
0.181,500.84975551020403,0.0,0.019
0.182,500.84975551020403,0.0,0.018
0.183,500.84975551020403,0.0,0.018
0.184,500.84975551020403,0.0,0.017
0.185,500.84975551020403,0.0,0.015
0.186,500.84975551020403,0.0,0.015
0.187,500.84975551020403,0.0,0.014
0.188,500.84975551020403,0.0,0.013
0.189,500.84975551020403,0.0,0.013
0.19,500.84975551020403,0.0,0.013
0.191,500.84975551020403,0.0,0.012
0.192,500.84975551020403,0.0,0.012
0.193,500.84975551020403,0.0,0.011
0.194,500.84975551020403,0.0,0.011
0.195,500.84975551020403,0.0,0.012
0.196,500.84975551020403,0.0,0.012
0.197,500.84975551020403,0.0,0.012
0.198,500.84975551020403,0.0,0.012
0.199,500.84975551020403,0.0,0.013
0.2,500.84975551020403,0.0,0.013
0.201,500.84975551020403,0.0,0.015
0.202,500.84975551020403,0.0,0.016
0.203,500.84975551020403,0.0,0.017
0.204,500.84975551020403,0.0,0.018
0.205,500.84975551020403,0.0,0.02
0.206,500.84975551020403,0.0,0.022
0.207,500.84975551020403,0.0,0.025
0.208,500.84975551020403,0.0,0.028
0.209,500.84975551020403,0.0,0.03
0.21,500.84975551020403,0.0,0.034
0.211,500.84975551020403,0.0,0.037
0.212,500.84975551020403,0.0,0.04
0.213,500.84975551020403,0.0,0.045
0.214,500.84975551020403,0.0,0.049
0.215,500.84975551020403,0.0,0.051
0.216,500.84975551020403,0.0,0.055
0.217,500.84975551020403,0.0,0.06
0.218,500.84975551020403,0.0,0.062
0.219,500.84975551020403,0.0,0.066
0.22,500.84975551020403,0.0,0.069
0.221,500.84975551020403,0.0,0.07
0.222,500.84975551020403,0.0,0.073
0.223,500.84975551020403,0.0,0.075
0.224,500.84975551020403,0.0,0.075
0.225,500.84975551020403,0.0,0.076
0.226,500.84975551020403,0.0,0.079
0.227,500.84975551020403,0.0,0.077
0.228,500.84975551020403,0.0,0.074
0.229,500.84975551020403,0.0,0.075
0.23,500.84975551020403,0.0,0.075
0.231,500.84975551020403,0.0,0.073
0.232,500.84975551020403,0.0,0.074
0.233,500.84975551020403,0.0,0.075
0.234,500.84975551020403,0.0,0.075
0.235,500.84975551020403,0.0,0.075
0.236,500.84975551020403,0.0,0.076
0.237,500.84975551020403,0.0,0.079
0.238,500.84975551020403,0.0,0.082
0.239,500.84975551020403,0.0,0.082
0.24,500.84975551020403,0.0,0.082
0.241,500.84975551020403,0.0,0.085
0.242,500.84975551020403,0.0,0.084
0.243,500.84975551020403,0.0,0.081
0.244,500.84975551020403,0.0,0.078
0.245,500.84975551020403,0.0,0.075
0.246,500.84975551020403,0.0,0.072
0.247,500.84975551020403,0.0,0.068
0.248,500.84975551020403,0.0,0.06
0.249,500.84975551020403,0.0,0.054
0.25,500.84975551020403,0.0,0.05
0.251,500.84975551020403,0.0,0.044
0.252,500.84975551020403,0.0,0.038
0.253,500.84975551020403,0.0,0.034
0.254,500.84975551020403,0.0,0.029
0.255,500.84975551020403,0.0,0.024
0.256,500.84975551020403,0.0,0.022
0.257,500.84975551020403,0.0,0.019
0.258,500.84975551020403,0.0,0.016
0.259,500.84975551020403,0.0,0.015
0.26,500.84975551020403,0.0,0.014
0.261,500.84975551020403,0.0,0.012
0.262,500.84975551020403,0.0,0.012
0.263,500.84975551020403,0.0,0.011
0.264,500.84975551020403,0.0,0.011
0.265,500.84975551020403,0.0,0.011
0.266,500.84975551020403,0.0,0.011
0.267,500.84975551020403,0.0,0.01
0.268,500.84975551020403,0.0,0.01
0.269,500.84975551020403,0.0,0.01
0.27,500.84975551020403,0.0,0.011
0.271,500.84975551020403,0.0,0.011
0.272,500.84975551020403,0.0,0.011
0.273,500.84975551020403,0.0,0.012
0.274,500.84975551020403,0.0,0.013
0.275,500.84975551020403,0.0,0.014
0.276,500.84975551020403,0.0,0.015
0.277,500.84975551020403,0.0,0.016
0.278,500.84975551020403,0.0,0.017
0.279,500.84975551020403,0.0,0.018
0.28,500.84975551020403,0.0,0.02
0.281,500.84975551020403,0.0,0.021
0.282,500.84975551020403,0.0,0.021
0.283,500.84975551020403,0.0,0.023
0.284,500.84975551020403,0.0,0.024
0.285,500.84975551020403,0.0,0.024
0.286,500.84975551020403,0.0,0.024
0.287,500.84975551020403,0.0,0.025
0.288,500.84975551020403,0.0,0.024
0.289,500.84975551020403,0.0,0.024
0.29,500.84975551020403,0.0,0.024
0.291,500.84975551020403,0.0,0.023
0.292,500.84975551020403,0.0,0.022
0.293,500.84975551020403,0.0,0.021
0.294,500.84975551020403,0.0,0.02
0.295,500.84975551020403,0.0,0.02
0.296,500.84975551020403,0.0,0.019
0.297,500.84975551020403,0.0,0.018
0.298,500.84975551020403,0.0,0.017
0.299,668.5534974489796,0.0,0.016
0.3,668.5534974489796,0.0,0.016
0.301,668.5534974489796,0.0,0.017
0.302,668.5534974489796,0.0,0.017
0.303,668.5534974489796,0.0,0.017
0.304,668.5534974489796,0.0,0.017
0.305,668.5534974489796,0.0,0.018
0.306,668.5534974489796,0.0,0.019
0.307,668.5534974489796,0.0,0.021
0.308,668.5534974489796,0.0,0.023
0.309,668.5534974489796,0.0,0.024
0.31,668.5534974489796,0.0,0.026
0.311,668.5534974489796,0.0,0.03
0.312,668.5534974489796,0.0,0.033
0.313,668.5534974489796,0.0,0.036
0.314,668.5534974489796,0.0,0.038
0.315,668.5534974489796,0.0,0.041
0.316,668.5534974489796,0.0,0.045
0.317,668.5534974489796,0.0,0.051
0.318,668.5534974489796,0.0,0.055
0.319,668.5534974489796,0.0,0.061
0.32,668.5534974489796,0.0,0.067
0.321,668.5534974489796,0.0,0.071
0.322,668.5534974489796,0.0,0.072
0.323,668.5534974489796,0.0,0.073
0.324,668.5534974489796,0.0,0.072
0.325,668.5534974489796,0.0,0.07
0.326,668.5534974489796,0.0,0.067
0.327,668.5534974489796,0.0,0.065
0.328,668.5534974489796,0.0,0.061
0.329,668.5534974489796,0.0,0.058
0.33,668.5534974489796,0.0,0.054
0.331,668.5534974489796,0.0,0.051
0.332,668.5534974489796,0.0,0.048
0.333,668.5534974489796,0.0,0.045
0.334,668.5534974489796,0.0,0.042
0.335,668.5534974489796,0.0,0.04
0.336,668.5534974489796,0.0,0.038
0.337,668.5534974489796,0.0,0.036
0.338,668.5534974489796,0.0,0.034
0.339,668.5534974489796,0.0,0.033
0.34,668.5534974489796,0.0,0.033
0.341,668.5534974489796,0.0,0.033
0.342,668.5534974489796,0.0,0.033
0.343,668.5534974489796,0.0,0.032
0.344,668.5534974489796,0.0,0.033
0.345,668.5534974489796,0.0,0.034
0.346,668.5534974489796,0.0,0.033
0.347,668.5534974489796,0.0,0.033
0.348,668.5534974489796,0.0,0.031
0.349,668.5534974489796,0.0,0.029
0.35,668.5534974489796,0.0,0.028
0.351,668.5534974489796,0.0,0.028
0.352,668.5534974489796,0.0,0.028
0.353,668.5534974489796,0.0,0.027
0.354,668.5534974489796,0.0,0.025
0.355,668.5534974489796,0.0,0.024
0.356,668.5534974489796,0.0,0.022
0.357,668.5534974489796,0.0,0.02
0.358,668.5534974489796,0.0,0.018
0.359,668.5534974489796,0.0,0.016
0.36,668.5534974489796,0.0,0.015
0.361,668.5534974489796,0.0,0.014
0.362,668.5534974489796,0.0,0.013
0.363,668.5534974489796,0.0,0.012
0.364,668.5534974489796,0.0,0.01
0.365,668.5534974489796,0.0,0.009
0.366,668.5534974489796,0.0,0.008
0.367,668.5534974489796,0.0,0.008
0.368,668.5534974489796,0.0,0.008
0.369,668.5534974489796,0.0,0.007
0.37,668.5534974489796,0.0,0.007
0.371,668.5534974489796,0.0,0.007
0.372,668.5534974489796,0.0,0.007
0.373,668.5534974489796,0.0,0.007
0.374,668.5534974489796,0.0,0.007
0.375,668.5534974489796,0.0,0.007
0.376,668.5534974489796,0.0,0.007
0.377,668.5534974489796,0.0,0.007
0.378,668.5534974489796,0.0,0.007
0.379,668.5534974489796,0.0,0.007
0.38,668.5534974489796,0.0,0.007
0.381,668.5534974489796,0.0,0.007
0.382,668.5534974489796,0.0,0.007
0.383,668.5534974489796,0.0,0.008
0.384,668.5534974489796,0.0,0.008
0.385,668.5534974489796,0.0,0.008
0.386,668.5534974489796,0.0,0.008
0.387,668.5534974489796,0.0,0.007
0.388,668.5534974489796,0.0,0.006
0.389,668.5534974489796,0.0,0.005
0.39,668.5534974489796,0.0,0.004
0.391,668.5534974489796,0.0,0.004
0.392,668.5534974489796,0.0,0.003
0.393,668.5534974489796,0.0,0.003
0.394,668.5534974489796,0.0,0.003
0.395,668.5534974489796,0.0,0.003
0.396,668.5534974489796,0.0,0.003
0.397,668.5534974489796,0.0,0.003
0.398,668.5534974489796,0.0,0.003
0.399,668.5534974489796,0.0,0.003
0.4,668.5534974489796,0.0,0.003
0.401,668.5534974489796,0.0,0.003
0.402,668.5534974489796,0.0,0.003
0.403,668.5534974489796,0.0,0.003
0.404,668.5534974489796,0.0,0.003
0.405,668.5534974489796,0.0,0.003
0.406,668.5534974489796,0.0,0.003
0.407,668.5534974489796,0.0,0.003
0.408,668.5534974489796,0.0,0.003
0.409,668.5534974489796,0.0,0.004
0.41,668.5534974489796,0.0,0.004
0.411,668.5534974489796,0.0,0.005
0.412,668.5534974489796,0.0,0.006
0.413,668.5534974489796,0.0,0.006
0.414,668.5534974489796,0.0,0.007
0.415,668.5534974489796,0.0,0.008
0.416,668.5534974489796,0.0,0.009
0.417,668.5534974489796,0.0,0.01
0.418,668.5534974489796,0.0,0.011
0.419,668.5534974489796,0.0,0.012
0.42,668.5534974489796,0.0,0.013
0.421,668.5534974489796,0.0,0.014
0.422,668.5534974489796,0.0,0.014
0.423,668.5534974489796,0.0,0.015
0.424,668.5534974489796,0.0,0.015
0.425,668.5534974489796,0.0,0.014
0.426,668.5534974489796,0.0,0.013
0.427,668.5534974489796,0.0,0.013
0.428,668.5534974489796,0.0,0.012
0.429,668.5534974489796,0.0,0.012
0.43,668.5534974489796,0.0,0.011
0.431,668.5534974489796,0.0,0.011
0.432,668.5534974489796,0.0,0.011
0.433,668.5534974489796,0.0,0.01
0.434,668.5534974489796,0.0,0.01
0.435,668.5534974489796,0.0,0.01
0.436,668.5534974489796,0.0,0.009
0.437,668.5534974489796,0.0,0.008
0.438,668.5534974489796,0.0,0.008
0.439,668.5534974489796,0.0,0.01
0.44,668.5534974489796,0.0,0.01
0.441,668.5534974489796,0.0,0.009
0.442,668.5534974489796,0.0,0.009
0.443,668.5534974489796,0.0,0.009
0.444,668.5534974489796,0.0,0.009
0.445,668.5534974489796,0.0,0.008
0.446,631.0313443877551,0.0,0.008
0.447,631.0313443877551,0.0,0.008
0.448,631.0313443877551,0.0,0.008
0.449,631.0313443877551,0.0,0.008
0.45,631.0313443877551,0.0,0.007
0.451,631.0313443877551,0.0,0.007
0.452,631.0313443877551,0.0,0.006
0.453,631.0313443877551,0.0,0.006
0.454,631.0313443877551,0.0,0.006
0.455,631.0313443877551,0.0,0.006
0.456,631.0313443877551,0.0,0.006
0.457,631.0313443877551,0.0,0.006
0.458,631.0313443877551,0.0,0.006
0.459,631.0313443877551,0.0,0.005
0.46,631.0313443877551,0.0,0.005
0.461,631.0313443877551,0.0,0.004
0.462,631.0313443877551,0.0,0.004
0.463,631.0313443877551,0.0,0.004
0.464,631.0313443877551,0.0,0.004
0.465,631.0313443877551,0.0,0.004
0.466,631.0313443877551,0.0,0.004
0.467,631.0313443877551,0.0,0.003
0.468,631.0313443877551,0.0,0.003
0.469,631.0313443877551,0.0,0.003
0.47,631.0313443877551,0.0,0.003
0.471,631.0313443877551,0.0,0.003
0.472,631.0313443877551,0.0,0.002
0.473,631.0313443877551,0.0,0.002
0.474,631.0313443877551,0.0,0.002
0.475,631.0313443877551,0.0,0.001
0.476,631.0313443877551,0.0,0.001
0.477,631.0313443877551,0.0,0.001
0.478,631.0313443877551,0.0,0.001
0.479,631.0313443877551,0.0,0.001
0.48,631.0313443877551,0.0,0.001
0.481,631.0313443877551,0.0,0.001
0.482,631.0313443877551,0.0,0.001
0.483,631.0313443877551,0.0,0.001
0.484,631.0313443877551,0.0,0.001
0.485,631.0313443877551,0.0,0.001
0.486,631.0313443877551,0.0,0.001
0.487,631.0313443877551,0.0,0.001
0.488,631.0313443877551,0.0,0.001
0.489,631.0313443877551,0.0,0.001
0.49,631.0313443877551,0.0,0.001
0.491,631.0313443877551,0.0,0.001
0.492,631.0313443877551,0.0,0.001
0.493,631.0313443877551,0.0,0.001
0.494,631.0313443877551,0.0,0.001
0.495,631.0313443877551,0.0,0.001
0.496,631.0313443877551,0.0,0.001
0.497,631.0313443877551,0.0,0.001
0.498,631.0313443877551,0.0,0.001
0.499,631.0313443877551,0.0,0.001
0.5,631.0313443877551,0.0,0.001
0.501,631.0313443877551,0.0,0.001
0.502,631.0313443877551,0.0,0.001
0.503,631.0313443877551,0.0,0.001
0.504,631.0313443877551,0.0,0.001
0.505,631.0313443877551,0.0,0.001
0.506,631.0313443877551,0.0,0.001
0.507,631.0313443877551,0.0,0.001
0.508,631.0313443877551,0.0,0.001
0.509,631.0313443877551,0.0,0.001
0.51,631.0313443877551,0.0,0.001
0.511,631.0313443877551,0.0,0.001
0.512,631.0313443877551,0.0,0.001
0.513,631.0313443877551,0.0,0.001
0.514,631.0313443877551,0.0,0.001
0.515,631.0313443877551,0.0,0.001
0.516,631.0313443877551,0.0,0.001
0.517,631.0313443877551,0.0,0.001
0.518,631.0313443877551,0.0,0.001
0.519,631.0313443877551,0.0,0.001
0.52,631.0313443877551,0.0,0.001
0.521,631.0313443877551,0.0,0.001
0.522,631.0313443877551,0.0,0.001
0.523,631.0313443877551,0.0,0.0
0.524,631.0313443877551,0.0,0.0
0.525,631.0313443877551,0.0,0.0
0.526,631.0313443877551,0.0,0.0
0.527,631.0313443877551,0.0,0.0
0.528,631.0313443877551,0.0,0.0
0.529,631.0313443877551,0.0,0.001
0.53,631.0313443877551,0.0,0.001
0.531,631.0313443877551,0.0,0.001
0.532,631.0313443877551,0.0,0.001
0.533,631.0313443877551,0.0,0.001
0.534,631.0313443877551,0.0,0.001
0.535,631.0313443877551,0.0,0.001
0.536,631.0313443877551,0.0,0.002
0.537,631.0313443877551,0.0,0.002
0.538,631.0313443877551,0.0,0.003
0.539,631.0313443877551,0.0,0.004
0.54,631.0313443877551,0.0,0.005
0.541,631.0313443877551,0.0,0.006
0.542,631.0313443877551,0.0,0.007
0.543,631.0313443877551,0.0,0.008
0.544,631.0313443877551,0.0,0.009
0.545,631.0313443877551,0.0,0.01
0.546,631.0313443877551,0.0,0.01
0.547,631.0313443877551,0.0,0.009
0.548,631.0313443877551,0.0,0.008
0.549,631.0313443877551,0.0,0.007
0.55,631.0313443877551,0.0,0.006
0.551,631.0313443877551,0.0,0.004
0.552,631.0313443877551,0.0,0.003
0.553,631.0313443877551,0.0,0.002
0.554,631.0313443877551,0.0,0.002
0.555,631.0313443877551,0.0,0.001
0.556,631.0313443877551,0.0,0.001
0.557,631.0313443877551,0.0,0.001
0.558,631.0313443877551,0.0,0.001
0.559,631.0313443877551,0.0,0.001
0.56,631.0313443877551,0.0,0.001
0.561,631.0313443877551,0.0,0.001
0.562,631.0313443877551,0.0,0.001
0.563,631.0313443877551,0.0,0.001
0.564,631.0313443877551,0.0,0.001
0.565,631.0313443877551,0.0,0.001
0.566,631.0313443877551,0.0,0.002
0.567,631.0313443877551,0.0,0.002
0.568,631.0313443877551,0.0,0.002
0.569,631.0313443877551,0.0,0.002
0.57,631.0313443877551,0.0,0.001
0.571,631.0313443877551,0.0,0.001
0.572,631.0313443877551,0.0,0.001
0.573,631.0313443877551,0.0,0.001
0.574,631.0313443877551,0.0,0.001
0.575,631.0313443877551,0.0,0.001
0.576,631.0313443877551,0.0,0.001
0.577,631.0313443877551,0.0,0.001
0.578,631.0313443877551,0.0,0.002
0.579,631.0313443877551,0.0,0.001
0.58,631.0313443877551,0.0,0.001
0.581,631.0313443877551,0.0,0.001
0.582,631.0313443877551,0.0,0.001
0.583,631.0313443877551,0.0,0.001
0.584,631.0313443877551,0.0,0.001
0.585,631.0313443877551,0.0,0.001
0.586,631.0313443877551,0.0,0.001
0.587,631.0313443877551,0.0,0.001
0.588,631.0313443877551,0.0,0.001
0.589,631.0313443877551,0.0,0.001
0.59,631.0313443877551,0.0,0.0
0.591,631.0313443877551,0.0,0.0
0.592,631.0313443877551,0.0,0.0
0.593,631.0313443877551,0.0,0.0
0.594,631.0313443877551,0.0,0.0
0.595,631.0313443877551,0.0,0.0
0.596,631.0313443877551,0.0,0.0
0.597,631.0313443877551,0.0,0.0
0.598,631.0313443877551,0.0,0.0
0.599,631.0313443877551,0.0,0.001
0.6,631.0313443877551,0.0,0.001
0.601,631.0313443877551,0.0,0.001
0.602,631.0313443877551,0.0,0.001
0.603,668.5534974489796,0.0,0.001
0.604,668.5534974489796,0.0,0.002
0.605,668.5534974489796,0.0,0.003
0.606,668.5534974489796,0.0,0.003
0.607,668.5534974489796,0.0,0.004
0.608,668.5534974489796,0.0,0.005
0.609,668.5534974489796,0.0,0.007
0.61,668.5534974489796,0.0,0.008
0.611,668.5534974489796,0.0,0.008
0.612,668.5534974489796,0.0,0.009
0.613,668.5534974489796,0.0,0.01
0.614,668.5534974489796,0.0,0.011
0.615,668.5534974489796,0.0,0.012
0.616,668.5534974489796,0.0,0.013
0.617,668.5534974489796,0.0,0.014
0.618,668.5534974489796,0.0,0.014
0.619,668.5534974489796,0.0,0.015
0.62,668.5534974489796,0.0,0.015
0.621,668.5534974489796,0.0,0.016
0.622,668.5534974489796,0.0,0.016
0.623,668.5534974489796,0.0,0.016
0.624,668.5534974489796,0.0,0.016
0.625,668.5534974489796,0.0,0.015
0.626,668.5534974489796,0.0,0.014
0.627,668.5534974489796,0.0,0.014
0.628,668.5534974489796,0.0,0.013
0.629,668.5534974489796,0.0,0.012
0.63,668.5534974489796,0.0,0.011
0.631,668.5534974489796,0.0,0.009
0.632,668.5534974489796,0.0,0.008
0.633,668.5534974489796,0.0,0.007
0.634,668.5534974489796,0.0,0.006
0.635,668.5534974489796,0.0,0.006
0.636,668.5534974489796,0.0,0.005
0.637,668.5534974489796,0.0,0.005
0.638,668.5534974489796,0.0,0.004
0.639,668.5534974489796,0.0,0.004
0.64,668.5534974489796,0.0,0.004
0.641,668.5534974489796,0.0,0.003
0.642,668.5534974489796,0.0,0.003
0.643,668.5534974489796,0.0,0.003
0.644,668.5534974489796,0.0,0.003
0.645,668.5534974489796,0.0,0.003
0.646,668.5534974489796,0.0,0.003
0.647,668.5534974489796,0.0,0.003
0.648,668.5534974489796,0.0,0.003
0.649,668.5534974489796,0.0,0.003
0.65,668.5534974489796,0.0,0.004
0.651,668.5534974489796,0.0,0.004
0.652,668.5534974489796,0.0,0.004
0.653,668.5534974489796,0.0,0.004
0.654,668.5534974489796,0.0,0.004
0.655,668.5534974489796,0.0,0.005
0.656,668.5534974489796,0.0,0.005
0.657,668.5534974489796,0.0,0.006
0.658,668.5534974489796,0.0,0.006
0.659,668.5534974489796,0.0,0.007
0.66,668.5534974489796,0.0,0.007
0.661,668.5534974489796,0.0,0.008
0.662,668.5534974489796,0.0,0.009
0.663,668.5534974489796,0.0,0.009
0.664,668.5534974489796,0.0,0.01
0.665,668.5534974489796,0.0,0.011
0.666,668.5534974489796,0.0,0.011
0.667,668.5534974489796,0.0,0.012
0.668,668.5534974489796,0.0,0.013
0.669,668.5534974489796,0.0,0.013
0.67,668.5534974489796,0.0,0.014
0.671,668.5534974489796,0.0,0.015
0.672,668.5534974489796,0.0,0.015
0.673,668.5534974489796,0.0,0.015
0.674,668.5534974489796,0.0,0.016
0.675,668.5534974489796,0.0,0.017
0.676,668.5534974489796,0.0,0.017
0.677,668.5534974489796,0.0,0.017
0.678,668.5534974489796,0.0,0.017
0.679,668.5534974489796,0.0,0.017
0.68,668.5534974489796,0.0,0.016
0.681,668.5534974489796,0.0,0.016
0.682,668.5534974489796,0.0,0.015
0.683,668.5534974489796,0.0,0.015
0.684,668.5534974489796,0.0,0.014
0.685,668.5534974489796,0.0,0.014
0.686,668.5534974489796,0.0,0.014
0.687,668.5534974489796,0.0,0.014
0.688,668.5534974489796,0.0,0.014
0.689,668.5534974489796,0.0,0.014
0.69,668.5534974489796,0.0,0.013
0.691,668.5534974489796,0.0,0.012
0.692,668.5534974489796,0.0,0.011
0.693,668.5534974489796,0.0,0.01
0.694,668.5534974489796,0.0,0.008
0.695,668.5534974489796,0.0,0.007
0.696,668.5534974489796,0.0,0.006
0.697,668.5534974489796,0.0,0.005
0.698,668.5534974489796,0.0,0.004
0.699,668.5534974489796,0.0,0.004
0.7,668.5534974489796,0.0,0.003
0.701,668.5534974489796,0.0,0.003
0.702,668.5534974489796,0.0,0.003
0.703,668.5534974489796,0.0,0.003
0.704,668.5534974489796,0.0,0.003
0.705,668.5534974489796,0.0,0.002
0.706,668.5534974489796,0.0,0.002
0.707,668.5534974489796,0.0,0.002
0.708,668.5534974489796,0.0,0.003
0.709,668.5534974489796,0.0,0.003
0.71,668.5534974489796,0.0,0.003
0.711,668.5534974489796,0.0,0.003
0.712,668.5534974489796,0.0,0.003
0.713,668.5534974489796,0.0,0.004
0.714,668.5534974489796,0.0,0.004
0.715,668.5534974489796,0.0,0.005
0.716,668.5534974489796,0.0,0.005
0.717,668.5534974489796,0.0,0.006
0.718,668.5534974489796,0.0,0.007
0.719,668.5534974489796,0.0,0.007
0.72,668.5534974489796,0.0,0.008
0.721,668.5534974489796,0.0,0.01
0.722,668.5534974489796,0.0,0.011
0.723,668.5534974489796,0.0,0.012
0.724,668.5534974489796,0.0,0.013
0.725,668.5534974489796,0.0,0.014
0.726,668.5534974489796,0.0,0.015
0.727,668.5534974489796,0.0,0.017
0.728,668.5534974489796,0.0,0.018
0.729,668.5534974489796,0.0,0.019
0.73,668.5534974489796,0.0,0.02
0.731,668.5534974489796,0.0,0.02
0.732,668.5534974489796,0.0,0.019
0.733,795.0538588775511,0.0,0.018
0.734,795.0538588775511,0.0,0.016
0.735,795.0538588775511,0.0,0.016
0.736,795.0538588775511,0.0,0.016
0.737,795.0538588775511,0.0,0.016
0.738,795.0538588775511,0.0,0.015
0.739,795.0538588775511,0.0,0.015
0.74,795.0538588775511,0.0,0.014
0.741,795.0538588775511,0.0,0.013
0.742,795.0538588775511,0.0,0.013
0.743,795.0538588775511,0.0,0.013
0.744,795.0538588775511,0.0,0.013
0.745,795.0538588775511,0.0,0.014
0.746,795.0538588775511,0.0,0.015
0.747,795.0538588775511,0.0,0.016
0.748,795.0538588775511,0.0,0.016
0.749,795.0538588775511,0.0,0.017
0.75,795.0538588775511,0.0,0.018
0.751,795.0538588775511,0.0,0.021
0.752,795.0538588775511,0.0,0.023
0.753,795.0538588775511,0.0,0.025
0.754,795.0538588775511,0.0,0.028
0.755,795.0538588775511,0.0,0.031
0.756,795.0538588775511,0.0,0.033
0.757,795.0538588775511,0.0,0.035
0.758,795.0538588775511,0.0,0.038
0.759,795.0538588775511,0.0,0.041
0.76,795.0538588775511,0.0,0.043
0.761,795.0538588775511,0.0,0.046
0.762,795.0538588775511,0.0,0.049
0.763,795.0538588775511,0.0,0.048
0.764,795.0538588775511,0.0,0.048
0.765,795.0538588775511,0.0,0.051
0.766,795.0538588775511,0.0,0.054
0.767,795.0538588775511,0.0,0.055
0.768,795.0538588775511,0.0,0.055
0.769,795.0538588775511,0.0,0.058
0.77,795.0538588775511,0.0,0.058
0.771,795.0538588775511,0.0,0.057
0.772,795.0538588775511,0.0,0.058
0.773,795.0538588775511,0.0,0.057
0.774,795.0538588775511,0.0,0.057
0.775,795.0538588775511,0.0,0.059
0.776,795.0538588775511,0.0,0.061
0.777,795.0538588775511,0.0,0.06
0.778,795.0538588775511,0.0,0.059
0.779,795.0538588775511,0.0,0.06
0.78,795.0538588775511,0.0,0.059
0.781,795.0538588775511,0.0,0.059
0.782,795.0538588775511,0.0,0.061
0.783,795.0538588775511,0.0,0.062
0.784,795.0538588775511,0.0,0.061
0.785,795.0538588775511,0.0,0.06
0.786,795.0538588775511,0.0,0.06
0.787,795.0538588775511,0.0,0.057
0.788,795.0538588775511,0.0,0.054
0.789,795.0538588775511,0.0,0.055
0.79,795.0538588775511,0.0,0.056
0.791,795.0538588775511,0.0,0.055
0.792,795.0538588775511,0.0,0.054
0.793,795.0538588775511,0.0,0.052
0.794,795.0538588775511,0.0,0.051
0.795,795.0538588775511,0.0,0.05
0.796,795.0538588775511,0.0,0.051
0.797,795.0538588775511,0.0,0.05
0.798,795.0538588775511,0.0,0.049
0.799,795.0538588775511,0.0,0.049
0.8,795.0538588775511,0.0,0.048
0.801,795.0538588775511,0.0,0.046
0.802,795.0538588775511,0.0,0.044
0.803,795.0538588775511,0.0,0.042
0.804,795.0538588775511,0.0,0.041
0.805,795.0538588775511,0.0,0.042
0.806,795.0538588775511,0.0,0.043
0.807,795.0538588775511,0.0,0.042
0.808,795.0538588775511,0.0,0.04
0.809,795.0538588775511,0.0,0.04
0.81,795.0538588775511,0.0,0.039
0.811,795.0538588775511,0.0,0.038
0.812,795.0538588775511,0.0,0.038
0.813,795.0538588775511,0.0,0.039
0.814,795.0538588775511,0.0,0.04
0.815,795.0538588775511,0.0,0.041
0.816,795.0538588775511,0.0,0.042
0.817,795.0538588775511,0.0,0.04
0.818,795.0538588775511,0.0,0.039
0.819,795.0538588775511,0.0,0.04
0.82,795.0538588775511,0.0,0.041
0.821,795.0538588775511,0.0,0.042
0.822,795.0538588775511,0.0,0.043
0.823,795.0538588775511,0.0,0.043
0.824,795.0538588775511,0.0,0.043
0.825,795.0538588775511,0.0,0.042
0.826,795.0538588775511,0.0,0.04
0.827,795.0538588775511,0.0,0.038
0.828,795.0538588775511,0.0,0.038
0.829,795.0538588775511,0.0,0.039
0.83,795.0538588775511,0.0,0.04
0.831,795.0538588775511,0.0,0.039
0.832,795.0538588775511,0.0,0.039
0.833,795.0538588775511,0.0,0.039
0.834,795.0538588775511,0.0,0.038
0.835,795.0538588775511,0.0,0.036
0.836,795.0538588775511,0.0,0.036
0.837,795.0538588775511,0.0,0.038
0.838,795.0538588775511,0.0,0.038
0.839,795.0538588775511,0.0,0.039
0.84,795.0538588775511,0.0,0.039
0.841,795.0538588775511,0.0,0.036
0.842,795.0538588775511,0.0,0.034
0.843,795.0538588775511,0.0,0.034
0.844,795.0538588775511,0.0,0.034
0.845,795.0538588775511,0.0,0.034
0.846,795.0538588775511,0.0,0.035
0.847,795.0538588775511,0.0,0.034
0.848,795.0538588775511,0.0,0.032
0.849,795.0538588775511,0.0,0.031
0.85,795.0538588775511,0.0,0.029
0.851,795.0538588775511,0.0,0.027
0.852,795.0538588775511,0.0,0.026
0.853,795.0538588775511,0.0,0.026
0.854,795.0538588775511,0.0,0.025
0.855,795.0538588775511,0.0,0.024
0.856,795.0538588775511,0.0,0.023
0.857,795.0538588775511,0.0,0.021
0.858,795.0538588775511,0.0,0.019
0.859,795.0538588775511,0.0,0.018
0.86,795.0538588775511,0.0,0.018
0.861,795.0538588775511,0.0,0.017
0.862,795.0538588775511,0.0,0.017
0.863,795.0538588775511,0.0,0.016
0.864,795.0538588775511,0.0,0.015
0.865,795.0538588775511,0.0,0.014
0.866,795.0538588775511,0.0,0.013
0.867,795.0538588775511,0.0,0.013
0.868,795.0538588775511,0.0,0.013
0.869,795.0538588775511,0.0,0.013
0.87,795.0538588775511,0.0,0.012
0.871,795.0538588775511,0.0,0.012
0.872,795.0538588775511,0.0,0.011
0.873,795.0538588775511,0.0,0.011
0.874,795.0538588775511,0.0,0.011
0.875,795.0538588775511,0.0,0.011
0.876,795.0538588775511,0.0,0.011
0.877,795.0538588775511,0.0,0.012
0.878,795.0538588775511,0.0,0.012
0.879,795.0538588775511,0.0,0.012
0.88,795.0538588775511,0.0,0.012
0.881,795.0538588775511,0.0,0.012
0.882,795.0538588775511,0.0,0.012
0.883,795.0538588775511,0.0,0.012
0.884,795.0538588775511,0.0,0.013
0.885,795.0538588775511,0.0,0.013
0.886,795.0538588775511,0.0,0.013
0.887,795.0538588775511,0.0,0.013
0.888,795.0538588775511,0.0,0.014
0.889,795.0538588775511,0.0,0.014
0.89,795.0538588775511,0.0,0.014
0.891,795.0538588775511,0.0,0.015
0.892,795.0538588775511,0.0,0.015
0.893,795.0538588775511,0.0,0.016
0.894,795.0538588775511,0.0,0.018
0.895,795.0538588775511,0.0,0.018
0.896,795.0538588775511,0.0,0.018
0.897,795.0538588775511,0.0,0.018
0.898,795.0538588775511,0.0,0.019
0.899,795.0538588775511,0.0,0.019
0.9,795.0538588775511,0.0,0.02
0.901,795.0538588775511,0.0,0.02
0.902,795.0538588775511,0.0,0.02
0.903,668.5534974489796,0.0,0.021
0.904,668.5534974489796,0.0,0.02
0.905,668.5534974489796,0.0,0.02
0.906,668.5534974489796,0.0,0.02
0.907,668.5534974489796,0.0,0.019
0.908,668.5534974489796,0.0,0.019
0.909,668.5534974489796,0.0,0.019
0.91,668.5534974489796,0.0,0.018
0.911,668.5534974489796,0.0,0.018
0.912,668.5534974489796,0.0,0.018
0.913,668.5534974489796,0.0,0.018
0.914,668.5534974489796,0.0,0.019
0.915,668.5534974489796,0.0,0.02
0.916,668.5534974489796,0.0,0.02
0.917,668.5534974489796,0.0,0.02
0.918,668.5534974489796,0.0,0.022
0.919,668.5534974489796,0.0,0.022
0.92,668.5534974489796,0.0,0.022
0.921,668.5534974489796,0.0,0.024
0.922,668.5534974489796,0.0,0.024
0.923,668.5534974489796,0.0,0.025
0.924,668.5534974489796,0.0,0.026
0.925,668.5534974489796,0.0,0.027
0.926,668.5534974489796,0.0,0.027
0.927,668.5534974489796,0.0,0.028
0.928,668.5534974489796,0.0,0.028
0.929,668.5534974489796,0.0,0.028
0.93,668.5534974489796,0.0,0.028
0.931,668.5534974489796,0.0,0.029
0.932,668.5534974489796,0.0,0.029
0.933,668.5534974489796,0.0,0.029
0.934,668.5534974489796,0.0,0.029
0.935,668.5534974489796,0.0,0.029
0.936,668.5534974489796,0.0,0.028
0.937,668.5534974489796,0.0,0.028
0.938,668.5534974489796,0.0,0.028
0.939,668.5534974489796,0.0,0.028
0.94,668.5534974489796,0.0,0.027
0.941,668.5534974489796,0.0,0.026
0.942,668.5534974489796,0.0,0.025
0.943,668.5534974489796,0.0,0.024
0.944,668.5534974489796,0.0,0.024
0.945,668.5534974489796,0.0,0.024
0.946,668.5534974489796,0.0,0.024
0.947,668.5534974489796,0.0,0.023
0.948,668.5534974489796,0.0,0.023
0.949,668.5534974489796,0.0,0.023
0.95,668.5534974489796,0.0,0.022
0.951,668.5534974489796,0.0,0.022
0.952,668.5534974489796,0.0,0.022
0.953,668.5534974489796,0.0,0.023
0.954,668.5534974489796,0.0,0.024
0.955,668.5534974489796,0.0,0.025
0.956,668.5534974489796,0.0,0.025
0.957,668.5534974489796,0.0,0.026
0.958,668.5534974489796,0.0,0.026
0.959,668.5534974489796,0.0,0.025
0.96,668.5534974489796,0.0,0.026
0.961,668.5534974489796,0.0,0.027
0.962,668.5534974489796,0.0,0.028
0.963,668.5534974489796,0.0,0.029
0.964,668.5534974489796,0.0,0.029
0.965,668.5534974489796,0.0,0.029
0.966,668.5534974489796,0.0,0.03
0.967,668.5534974489796,0.0,0.03
0.968,668.5534974489796,0.0,0.031
0.969,668.5534974489796,0.0,0.034
0.97,668.5534974489796,0.0,0.035
0.971,668.5534974489796,0.0,0.035
0.972,668.5534974489796,0.0,0.038
0.973,668.5534974489796,0.0,0.037
0.974,668.5534974489796,0.0,0.037
0.975,668.5534974489796,0.0,0.039
0.976,668.5534974489796,0.0,0.039
0.977,668.5534974489796,0.0,0.038
0.978,668.5534974489796,0.0,0.04
0.979,668.5534974489796,0.0,0.041
0.98,668.5534974489796,0.0,0.039
0.981,668.5534974489796,0.0,0.04
0.982,668.5534974489796,0.0,0.04
0.983,668.5534974489796,0.0,0.037
0.984,668.5534974489796,0.0,0.037
0.985,668.5534974489796,0.0,0.037
0.986,668.5534974489796,0.0,0.036
0.987,668.5534974489796,0.0,0.035
0.988,668.5534974489796,0.0,0.034
0.989,668.5534974489796,0.0,0.032
0.99,668.5534974489796,0.0,0.031
0.991,668.5534974489796,0.0,0.029
0.992,668.5534974489796,0.0,0.028
0.993,668.5534974489796,0.0,0.028
0.994,668.5534974489796,0.0,0.027
0.995,668.5534974489796,0.0,0.026
0.996,668.5534974489796,0.0,0.025
0.997,668.5534974489796,0.0,0.024
0.998,668.5534974489796,0.0,0.022
0.999,668.5534974489796,0.0,0.021
1.0,668.5534974489796,0.0,0.02
1.001,668.5534974489796,0.0,0.018
1.002,668.5534974489796,0.0,0.018
1.003,668.5534974489796,0.0,0.016
1.004,668.5534974489796,0.0,0.015
1.005,668.5534974489796,0.0,0.014
1.006,668.5534974489796,0.0,0.013
1.007,668.5534974489796,0.0,0.011
1.008,668.5534974489796,0.0,0.011
1.009,668.5534974489796,0.0,0.01
1.01,668.5534974489796,0.0,0.009
1.011,668.5534974489796,0.0,0.009
1.012,668.5534974489796,0.0,0.008
1.013,668.5534974489796,0.0,0.008
1.014,668.5534974489796,0.0,0.007
1.015,668.5534974489796,0.0,0.007
1.016,668.5534974489796,0.0,0.006
1.017,668.5534974489796,0.0,0.006
1.018,668.5534974489796,0.0,0.006
1.019,668.5534974489796,0.0,0.006
1.02,668.5534974489796,0.0,0.005
1.021,668.5534974489796,0.0,0.005
1.022,668.5534974489796,0.0,0.005
1.023,668.5534974489796,0.0,0.004
1.024,668.5534974489796,0.0,0.004
1.025,668.5534974489796,0.0,0.004
1.026,668.5534974489796,0.0,0.004
1.027,668.5534974489796,0.0,0.003
1.028,668.5534974489796,0.0,0.003
1.029,668.5534974489796,0.0,0.003
1.03,668.5534974489796,0.0,0.003
1.031,668.5534974489796,0.0,0.003
1.032,668.5534974489796,0.0,0.002
1.033,668.5534974489796,0.0,0.002
1.034,668.5534974489796,0.0,0.002
1.035,668.5534974489796,0.0,0.002
1.036,668.5534974489796,0.0,0.002
1.037,668.5534974489796,0.0,0.002
1.038,668.5534974489796,0.0,0.002
1.039,668.5534974489796,0.0,0.002
1.04,668.5534974489796,0.0,0.002
1.041,668.5534974489796,0.0,0.002
1.042,668.5534974489796,0.0,0.002
1.043,668.5534974489796,0.0,0.002
1.044,668.5534974489796,0.0,0.002
1.045,668.5534974489796,0.0,0.002
1.046,668.5534974489796,0.0,0.003
1.047,668.5534974489796,0.0,0.003
1.048,668.5534974489796,0.0,0.003
1.049,668.5534974489796,0.0,0.003
1.05,668.5534974489796,0.0,0.004
1.051,668.5534974489796,0.0,0.004
1.052,668.5534974489796,0.0,0.005
1.053,668.5534974489796,0.0,0.005
1.054,668.5534974489796,0.0,0.006
1.055,668.5534974489796,0.0,0.006
1.056,668.5534974489796,0.0,0.007
1.057,668.5534974489796,0.0,0.007
1.058,668.5534974489796,0.0,0.008
1.059,668.5534974489796,0.0,0.009
1.06,668.5534974489796,0.0,0.01
1.061,668.5534974489796,0.0,0.01
1.062,668.5534974489796,0.0,0.011
1.063,668.5534974489796,0.0,0.011
1.064,668.5534974489796,0.0,0.011
1.065,668.5534974489796,0.0,0.012
1.066,668.5534974489796,0.0,0.012
1.067,668.5534974489796,0.0,0.013
1.068,668.5534974489796,0.0,0.014
1.069,668.5534974489796,0.0,0.014
1.07,668.5534974489796,0.0,0.013
1.071,668.5534974489796,0.0,0.013
1.072,500.84975551020403,0.0,0.013
1.073,500.84975551020403,0.0,0.013
1.074,500.84975551020403,0.0,0.013
1.075,500.84975551020403,0.0,0.013
1.076,500.84975551020403,0.0,0.012
1.077,500.84975551020403,0.0,0.012
1.078,500.84975551020403,0.0,0.012
1.079,500.84975551020403,0.0,0.011
1.08,500.84975551020403,0.0,0.011
1.081,500.84975551020403,0.0,0.01
1.082,500.84975551020403,0.0,0.01
1.083,500.84975551020403,0.0,0.01
1.084,500.84975551020403,0.0,0.01
1.085,500.84975551020403,0.0,0.01
1.086,500.84975551020403,0.0,0.01
1.087,500.84975551020403,0.0,0.01
1.088,500.84975551020403,0.0,0.01
1.089,500.84975551020403,0.0,0.01
1.09,500.84975551020403,0.0,0.011
1.091,500.84975551020403,0.0,0.011
1.092,500.84975551020403,0.0,0.012
1.093,500.84975551020403,0.0,0.012
1.094,500.84975551020403,0.0,0.012
1.095,500.84975551020403,0.0,0.013
1.096,500.84975551020403,0.0,0.014
1.097,500.84975551020403,0.0,0.015
1.098,500.84975551020403,0.0,0.017
1.099,500.84975551020403,0.0,0.018
1.1,500.84975551020403,0.0,0.018
1.101,500.84975551020403,0.0,0.02
1.102,500.84975551020403,0.0,0.021
1.103,500.84975551020403,0.0,0.022
1.104,500.84975551020403,0.0,0.024
1.105,500.84975551020403,0.0,0.024
1.106,500.84975551020403,0.0,0.025
1.107,500.84975551020403,0.0,0.026
1.108,500.84975551020403,0.0,0.026
1.109,500.84975551020403,0.0,0.026
1.11,500.84975551020403,0.0,0.027
1.111,500.84975551020403,0.0,0.027
1.112,500.84975551020403,0.0,0.026
1.113,500.84975551020403,0.0,0.026
1.114,500.84975551020403,0.0,0.025
1.115,500.84975551020403,0.0,0.024
1.116,500.84975551020403,0.0,0.023
1.117,500.84975551020403,0.0,0.022
1.118,500.84975551020403,0.0,0.021
1.119,500.84975551020403,0.0,0.02
1.12,500.84975551020403,0.0,0.019
1.121,500.84975551020403,0.0,0.018
1.122,500.84975551020403,0.0,0.017
1.123,500.84975551020403,0.0,0.016
1.124,500.84975551020403,0.0,0.015
1.125,500.84975551020403,0.0,0.015
1.126,500.84975551020403,0.0,0.014
1.127,500.84975551020403,0.0,0.014
1.128,500.84975551020403,0.0,0.014
1.129,500.84975551020403,0.0,0.014
1.13,500.84975551020403,0.0,0.014
1.131,500.84975551020403,0.0,0.014
1.132,500.84975551020403,0.0,0.015
1.133,500.84975551020403,0.0,0.015
1.134,500.84975551020403,0.0,0.016
1.135,500.84975551020403,0.0,0.017
1.136,500.84975551020403,0.0,0.018
1.137,500.84975551020403,0.0,0.018
1.138,500.84975551020403,0.0,0.019
1.139,500.84975551020403,0.0,0.02
1.14,500.84975551020403,0.0,0.02
1.141,500.84975551020403,0.0,0.021
1.142,500.84975551020403,0.0,0.022
1.143,500.84975551020403,0.0,0.022
1.144,500.84975551020403,0.0,0.022
1.145,500.84975551020403,0.0,0.023
1.146,500.84975551020403,0.0,0.024
1.147,500.84975551020403,0.0,0.024
1.148,500.84975551020403,0.0,0.026
1.149,500.84975551020403,0.0,0.026
1.15,500.84975551020403,0.0,0.026
1.151,500.84975551020403,0.0,0.028
1.152,500.84975551020403,0.0,0.029
1.153,500.84975551020403,0.0,0.029
1.154,500.84975551020403,0.0,0.03
1.155,500.84975551020403,0.0,0.031
1.156,500.84975551020403,0.0,0.031
1.157,500.84975551020403,0.0,0.032
1.158,500.84975551020403,0.0,0.032
1.159,500.84975551020403,0.0,0.032
1.16,500.84975551020403,0.0,0.031
1.161,500.84975551020403,0.0,0.031
1.162,500.84975551020403,0.0,0.031
1.163,500.84975551020403,0.0,0.031
1.164,500.84975551020403,0.0,0.03
1.165,500.84975551020403,0.0,0.029
1.166,500.84975551020403,0.0,0.028
1.167,500.84975551020403,0.0,0.028
1.168,500.84975551020403,0.0,0.027
1.169,500.84975551020403,0.0,0.026
1.17,500.84975551020403,0.0,0.025
1.171,500.84975551020403,0.0,0.024
1.172,500.84975551020403,0.0,0.025
1.173,500.84975551020403,0.0,0.024
1.174,500.84975551020403,0.0,0.023
1.175,500.84975551020403,0.0,0.023
1.176,500.84975551020403,0.0,0.023
1.177,500.84975551020403,0.0,0.023
1.178,500.84975551020403,0.0,0.024
1.179,500.84975551020403,0.0,0.027
1.18,500.84975551020403,0.0,0.027
1.181,500.84975551020403,0.0,0.028
1.182,500.84975551020403,0.0,0.032
1.183,500.84975551020403,0.0,0.033
1.184,500.84975551020403,0.0,0.034
1.185,500.84975551020403,0.0,0.037
1.186,500.84975551020403,0.0,0.039
1.187,500.84975551020403,0.0,0.04
1.188,500.84975551020403,0.0,0.044
1.189,500.84975551020403,0.0,0.047
1.19,500.84975551020403,0.0,0.047
1.191,500.84975551020403,0.0,0.047
1.192,500.84975551020403,0.0,0.049
1.193,500.84975551020403,0.0,0.049
1.194,500.84975551020403,0.0,0.049
1.195,500.84975551020403,0.0,0.048
1.196,500.84975551020403,0.0,0.048
1.197,500.84975551020403,0.0,0.048
1.198,500.84975551020403,0.0,0.045
1.199,500.84975551020403,0.0,0.044
1.2,500.84975551020403,0.0,0.046
1.201,500.84975551020403,0.0,0.043
1.202,500.84975551020403,0.0,0.043
1.203,500.84975551020403,0.0,0.047
1.204,500.84975551020403,0.0,0.045
1.205,500.84975551020403,0.0,0.043
1.206,500.84975551020403,0.0,0.047
1.207,500.84975551020403,0.0,0.045
1.208,500.84975551020403,0.0,0.042
1.209,500.84975551020403,0.0,0.045
1.21,500.84975551020403,0.0,0.044
1.211,500.84975551020403,0.0,0.042
1.212,500.84975551020403,0.0,0.045
1.213,500.84975551020403,0.0,0.047
1.214,500.84975551020403,0.0,0.044
1.215,500.84975551020403,0.0,0.044
1.216,500.84975551020403,0.0,0.047
1.217,500.84975551020403,0.0,0.047
1.218,500.84975551020403,0.0,0.047
1.219,500.84975551020403,0.0,0.048
1.22,334.2818192857143,0.0,0.05
1.221,334.2818192857143,0.0,0.052
1.222,334.2818192857143,0.0,0.051
1.223,334.2818192857143,0.0,0.051
1.224,334.2818192857143,0.0,0.053
1.225,334.2818192857143,0.0,0.051
1.226,334.2818192857143,0.0,0.052
1.227,334.2818192857143,0.0,0.057
1.228,334.2818192857143,0.0,0.055
1.229,334.2818192857143,0.0,0.055
1.23,334.2818192857143,0.0,0.06
1.231,334.2818192857143,0.0,0.059
1.232,334.2818192857143,0.0,0.057
1.233,334.2818192857143,0.0,0.062
1.234,334.2818192857143,0.0,0.063
1.235,334.2818192857143,0.0,0.06
1.236,334.2818192857143,0.0,0.062
1.237,334.2818192857143,0.0,0.063
1.238,334.2818192857143,0.0,0.059
1.239,334.2818192857143,0.0,0.06
1.24,334.2818192857143,0.0,0.061
1.241,334.2818192857143,0.0,0.057
1.242,334.2818192857143,0.0,0.058
1.243,334.2818192857143,0.0,0.059
1.244,334.2818192857143,0.0,0.056
1.245,334.2818192857143,0.0,0.056
1.246,334.2818192857143,0.0,0.055
1.247,334.2818192857143,0.0,0.054
1.248,334.2818192857143,0.0,0.055
1.249,334.2818192857143,0.0,0.054
1.25,334.2818192857143,0.0,0.053
1.251,334.2818192857143,0.0,0.056
1.252,334.2818192857143,0.0,0.055
1.253,334.2818192857143,0.0,0.053
1.254,334.2818192857143,0.0,0.056
1.255,334.2818192857143,0.0,0.056
1.256,334.2818192857143,0.0,0.057
1.257,334.2818192857143,0.0,0.063
1.258,334.2818192857143,0.0,0.063
1.259,334.2818192857143,0.0,0.061
1.26,334.2818192857143,0.0,0.065
1.261,334.2818192857143,0.0,0.065
1.262,334.2818192857143,0.0,0.063
1.263,334.2818192857143,0.0,0.069
1.264,334.2818192857143,0.0,0.07
1.265,334.2818192857143,0.0,0.069
1.266,334.2818192857143,0.0,0.073
1.267,334.2818192857143,0.0,0.074
1.268,334.2818192857143,0.0,0.072
1.269,334.2818192857143,0.0,0.077
1.27,334.2818192857143,0.0,0.079
1.271,334.2818192857143,0.0,0.079
1.272,334.2818192857143,0.0,0.084
1.273,334.2818192857143,0.0,0.086
1.274,334.2818192857143,0.0,0.086
1.275,334.2818192857143,0.0,0.09
1.276,334.2818192857143,0.0,0.089
1.277,334.2818192857143,0.0,0.087
1.278,334.2818192857143,0.0,0.092
1.279,334.2818192857143,0.0,0.092
1.28,334.2818192857143,0.0,0.089
1.281,334.2818192857143,0.0,0.095
1.282,334.2818192857143,0.0,0.092
1.283,334.2818192857143,0.0,0.088
1.284,334.2818192857143,0.0,0.093
1.285,334.2818192857143,0.0,0.089
1.286,334.2818192857143,0.0,0.087
1.287,334.2818192857143,0.0,0.094
1.288,334.2818192857143,0.0,0.089
1.289,334.2818192857143,0.0,0.084
1.29,334.2818192857143,0.0,0.088
1.291,334.2818192857143,0.0,0.083
1.292,334.2818192857143,0.0,0.077
1.293,334.2818192857143,0.0,0.079
1.294,334.2818192857143,0.0,0.074
1.295,334.2818192857143,0.0,0.067
1.296,334.2818192857143,0.0,0.068
1.297,334.2818192857143,0.0,0.071
1.298,334.2818192857143,0.0,0.069
1.299,334.2818192857143,0.0,0.07
1.3,334.2818192857143,0.0,0.076
1.301,334.2818192857143,0.0,0.072
1.302,334.2818192857143,0.0,0.072
1.303,334.2818192857143,0.0,0.078
1.304,334.2818192857143,0.0,0.073
1.305,334.2818192857143,0.0,0.073
1.306,334.2818192857143,0.0,0.074
1.307,334.2818192857143,0.0,0.067
1.308,334.2818192857143,0.0,0.071
1.309,334.2818192857143,0.0,0.071
1.31,334.2818192857143,0.0,0.065
1.311,334.2818192857143,0.0,0.068
1.312,334.2818192857143,0.0,0.067
1.313,334.2818192857143,0.0,0.06
1.314,334.2818192857143,0.0,0.062
1.315,334.2818192857143,0.0,0.061
1.316,334.2818192857143,0.0,0.055
1.317,334.2818192857143,0.0,0.055
1.318,334.2818192857143,0.0,0.054
1.319,334.2818192857143,0.0,0.048
1.32,334.2818192857143,0.0,0.047
1.321,334.2818192857143,0.0,0.047
1.322,334.2818192857143,0.0,0.042
1.323,334.2818192857143,0.0,0.041
1.324,334.2818192857143,0.0,0.043
1.325,334.2818192857143,0.0,0.038
1.326,334.2818192857143,0.0,0.038
1.327,334.2818192857143,0.0,0.042
1.328,334.2818192857143,0.0,0.037
1.329,334.2818192857143,0.0,0.037
1.33,334.2818192857143,0.0,0.04
1.331,334.2818192857143,0.0,0.035
1.332,334.2818192857143,0.0,0.035
1.333,334.2818192857143,0.0,0.038
1.334,334.2818192857143,0.0,0.033
1.335,334.2818192857143,0.0,0.032
1.336,334.2818192857143,0.0,0.035
1.337,334.2818192857143,0.0,0.031
1.338,334.2818192857143,0.0,0.03
1.339,334.2818192857143,0.0,0.032
1.34,334.2818192857143,0.0,0.029
1.341,334.2818192857143,0.0,0.028
1.342,334.2818192857143,0.0,0.03
1.343,334.2818192857143,0.0,0.027
1.344,334.2818192857143,0.0,0.027
1.345,334.2818192857143,0.0,0.028
1.346,334.2818192857143,0.0,0.025
1.347,334.2818192857143,0.0,0.024
1.348,334.2818192857143,0.0,0.025
1.349,334.2818192857143,0.0,0.022
1.35,334.2818192857143,0.0,0.026
1.351,334.2818192857143,0.0,0.028
1.352,334.2818192857143,0.0,0.026
1.353,334.2818192857143,0.0,0.033
1.354,334.2818192857143,0.0,0.035
1.355,334.2818192857143,0.0,0.033
1.356,334.2818192857143,0.0,0.04
1.357,334.2818192857143,0.0,0.041
1.358,334.2818192857143,0.0,0.038
1.359,334.2818192857143,0.0,0.044
1.36,334.2818192857143,0.0,0.046
1.361,334.2818192857143,0.0,0.043
1.362,334.2818192857143,0.0,0.048
1.363,334.2818192857143,0.0,0.049
1.364,334.2818192857143,0.0,0.044
1.365,334.2818192857143,0.0,0.049
1.366,334.2818192857143,0.0,0.051
1.367,334.2818192857143,0.0,0.048
1.368,334.2818192857143,0.0,0.052
1.369,334.2818192857143,0.0,0.052
1.37,334.2818192857143,0.0,0.046
1.371,334.2818192857143,0.0,0.049
1.372,334.2818192857143,0.0,0.049
1.373,334.2818192857143,0.0,0.042
1.374,334.2818192857143,0.0,0.043
1.375,334.2818192857143,0.0,0.042
1.376,334.2818192857143,0.0,0.035
1.377,334.2818192857143,0.0,0.035
1.378,334.2818192857143,0.0,0.035
1.379,334.2818192857143,0.0,0.028
1.38,334.2818192857143,0.0,0.028
1.381,334.2818192857143,0.0,0.029
1.382,334.2818192857143,0.0,0.023
1.383,334.2818192857143,0.0,0.022
1.384,334.2818192857143,0.0,0.024
1.385,334.2818192857143,0.0,0.02
1.386,334.2818192857143,0.0,0.019
1.387,334.2818192857143,0.0,0.021
1.388,334.2818192857143,0.0,0.018
1.389,334.2818192857143,0.0,0.017
1.39,334.2818192857143,0.0,0.018
1.391,334.2818192857143,0.0,0.016
1.392,334.2818192857143,0.0,0.015
1.393,334.2818192857143,0.0,0.016
1.394,334.2818192857143,0.0,0.014
1.395,334.2818192857143,0.0,0.014
1.396,334.2818192857143,0.0,0.015
1.397,334.2818192857143,0.0,0.016
1.398,334.2818192857143,0.0,0.017
1.399,334.2818192857143,0.0,0.019
1.4,334.2818192857143,0.0,0.02
1.401,334.2818192857143,0.0,0.02
1.402,334.2818192857143,0.0,0.021
1.403,334.2818192857143,0.0,0.022
1.404,334.2818192857143,0.0,0.021
1.405,334.2818192857143,0.0,0.022
1.406,334.2818192857143,0.0,0.024
1.407,334.2818192857143,0.0,0.025
1.408,334.2818192857143,0.0,0.03
1.409,334.2818192857143,0.0,0.031
1.41,334.2818192857143,0.0,0.031
1.411,334.2818192857143,0.0,0.037
1.412,334.2818192857143,0.0,0.039
1.413,334.2818192857143,0.0,0.038
1.414,334.2818192857143,0.0,0.045
1.415,334.2818192857143,0.0,0.047
1.416,334.2818192857143,0.0,0.046
1.417,334.2818192857143,0.0,0.052
1.418,334.2818192857143,0.0,0.056
1.419,334.2818192857143,0.0,0.056
1.42,334.2818192857143,0.0,0.061
1.421,334.2818192857143,0.0,0.062
1.422,334.2818192857143,0.0,0.058
1.423,334.2818192857143,0.0,0.06
1.424,334.2818192857143,0.0,0.061
1.425,334.2818192857143,0.0,0.057
1.426,334.2818192857143,0.0,0.058
1.427,334.2818192857143,0.0,0.058
1.428,334.2818192857143,0.0,0.055
1.429,334.2818192857143,0.0,0.058
1.43,334.2818192857143,0.0,0.055
1.431,334.2818192857143,0.0,0.051
1.432,334.2818192857143,0.0,0.056
1.433,334.2818192857143,0.0,0.054
1.434,334.2818192857143,0.0,0.05
1.435,334.2818192857143,0.0,0.052
1.436,334.2818192857143,0.0,0.048
1.437,334.2818192857143,0.0,0.044
1.438,334.2818192857143,0.0,0.047
1.439,334.2818192857143,0.0,0.044
1.44,334.2818192857143,0.0,0.039
1.441,334.2818192857143,0.0,0.04
1.442,334.2818192857143,0.0,0.039
1.443,334.2818192857143,0.0,0.035
1.444,334.2818192857143,0.0,0.034
1.445,334.2818192857143,0.0,0.031
1.446,334.2818192857143,0.0,0.027
1.447,334.2818192857143,0.0,0.027
1.448,334.2818192857143,0.0,0.026
1.449,334.2818192857143,0.0,0.023
1.45,334.2818192857143,0.0,0.022
1.451,334.2818192857143,0.0,0.021
1.452,334.2818192857143,0.0,0.019
1.453,334.2818192857143,0.0,0.018
1.454,334.2818192857143,0.0,0.018
1.455,334.2818192857143,0.0,0.017
1.456,334.2818192857143,0.0,0.016
1.457,334.2818192857143,0.0,0.016
1.458,334.2818192857143,0.0,0.015
1.459,334.2818192857143,0.0,0.016
1.46,334.2818192857143,0.0,0.016
1.461,334.2818192857143,0.0,0.015
1.462,334.2818192857143,0.0,0.016
1.463,334.2818192857143,0.0,0.017
1.464,334.2818192857143,0.0,0.017
1.465,334.2818192857143,0.0,0.017
1.466,334.2818192857143,0.0,0.017
1.467,334.2818192857143,0.0,0.017
1.468,334.2818192857143,0.0,0.018
1.469,334.2818192857143,0.0,0.018
1.47,334.2818192857143,0.0,0.017
1.471,334.2818192857143,0.0,0.016
1.472,334.2818192857143,0.0,0.016
1.473,334.2818192857143,0.0,0.015
1.474,334.2818192857143,0.0,0.014
1.475,334.2818192857143,0.0,0.013
1.476,334.2818192857143,0.0,0.012
1.477,334.2818192857143,0.0,0.011
1.478,334.2818192857143,0.0,0.01
1.479,334.2818192857143,0.0,0.009
1.48,334.2818192857143,0.0,0.009
1.481,334.2818192857143,0.0,0.008
1.482,334.2818192857143,0.0,0.007
1.483,334.2818192857143,0.0,0.007
1.484,500.84975551020403,0.0,0.007
1.485,500.84975551020403,0.0,0.007
1.486,500.84975551020403,0.0,0.007
1.487,500.84975551020403,0.0,0.007
1.488,500.84975551020403,0.0,0.006
1.489,500.84975551020403,0.0,0.007
1.49,500.84975551020403,0.0,0.007
1.491,500.84975551020403,0.0,0.006
1.492,500.84975551020403,0.0,0.007
1.493,500.84975551020403,0.0,0.007
1.494,500.84975551020403,0.0,0.006
1.495,500.84975551020403,0.0,0.007
1.496,500.84975551020403,0.0,0.007
1.497,500.84975551020403,0.0,0.007
1.498,500.84975551020403,0.0,0.007
1.499,500.84975551020403,0.0,0.008
1.5,500.84975551020403,0.0,0.008
1.501,500.84975551020403,0.0,0.008
1.502,500.84975551020403,0.0,0.009
1.503,500.84975551020403,0.0,0.009
1.504,500.84975551020403,0.0,0.01
1.505,500.84975551020403,0.0,0.011
1.506,500.84975551020403,0.0,0.012
1.507,500.84975551020403,0.0,0.013
1.508,500.84975551020403,0.0,0.015
1.509,500.84975551020403,0.0,0.017
1.51,500.84975551020403,0.0,0.018
1.511,500.84975551020403,0.0,0.02
1.512,500.84975551020403,0.0,0.021
1.513,500.84975551020403,0.0,0.021
1.514,500.84975551020403,0.0,0.023
1.515,500.84975551020403,0.0,0.023
1.516,500.84975551020403,0.0,0.023
1.517,500.84975551020403,0.0,0.023
1.518,500.84975551020403,0.0,0.023
1.519,500.84975551020403,0.0,0.023
1.52,500.84975551020403,0.0,0.024
1.521,500.84975551020403,0.0,0.024
1.522,500.84975551020403,0.0,0.025
1.523,500.84975551020403,0.0,0.026
1.524,500.84975551020403,0.0,0.026
1.525,500.84975551020403,0.0,0.026
1.526,500.84975551020403,0.0,0.028
1.527,500.84975551020403,0.0,0.027
1.528,500.84975551020403,0.0,0.028
1.529,500.84975551020403,0.0,0.03
1.53,500.84975551020403,0.0,0.032
1.531,500.84975551020403,0.0,0.034
1.532,500.84975551020403,0.0,0.038
1.533,500.84975551020403,0.0,0.04
1.534,500.84975551020403,0.0,0.04
1.535,500.84975551020403,0.0,0.043
1.536,500.84975551020403,0.0,0.044
1.537,500.84975551020403,0.0,0.043
1.538,500.84975551020403,0.0,0.043
1.539,500.84975551020403,0.0,0.043
1.54,500.84975551020403,0.0,0.042
1.541,500.84975551020403,0.0,0.042
1.542,500.84975551020403,0.0,0.044
1.543,500.84975551020403,0.0,0.042
1.544,500.84975551020403,0.0,0.041
1.545,500.84975551020403,0.0,0.04
1.546,500.84975551020403,0.0,0.04
1.547,500.84975551020403,0.0,0.04
1.548,500.84975551020403,0.0,0.04
1.549,500.84975551020403,0.0,0.042
1.55,500.84975551020403,0.0,0.042
1.551,500.84975551020403,0.0,0.044
1.552,500.84975551020403,0.0,0.045
1.553,500.84975551020403,0.0,0.046
1.554,500.84975551020403,0.0,0.047
1.555,500.84975551020403,0.0,0.046
1.556,500.84975551020403,0.0,0.048
1.557,500.84975551020403,0.0,0.052
1.558,500.84975551020403,0.0,0.052
1.559,500.84975551020403,0.0,0.055
1.56,500.84975551020403,0.0,0.058
1.561,500.84975551020403,0.0,0.057
1.562,500.84975551020403,0.0,0.059
1.563,500.84975551020403,0.0,0.062
1.564,500.84975551020403,0.0,0.061
1.565,500.84975551020403,0.0,0.061
1.566,500.84975551020403,0.0,0.062
1.567,500.84975551020403,0.0,0.061
1.568,500.84975551020403,0.0,0.061
1.569,500.84975551020403,0.0,0.06
1.57,500.84975551020403,0.0,0.057
1.571,500.84975551020403,0.0,0.055
1.572,500.84975551020403,0.0,0.053
1.573,500.84975551020403,0.0,0.047
1.574,500.84975551020403,0.0,0.043
1.575,500.84975551020403,0.0,0.041
1.576,500.84975551020403,0.0,0.037
1.577,500.84975551020403,0.0,0.035
1.578,500.84975551020403,0.0,0.034
1.579,500.84975551020403,0.0,0.03
1.58,500.84975551020403,0.0,0.028
1.581,500.84975551020403,0.0,0.029
1.582,500.84975551020403,0.0,0.027
1.583,500.84975551020403,0.0,0.026
1.584,500.84975551020403,0.0,0.028
1.585,500.84975551020403,0.0,0.027
1.586,500.84975551020403,0.0,0.027
1.587,500.84975551020403,0.0,0.029
1.588,500.84975551020403,0.0,0.03
1.589,500.84975551020403,0.0,0.029
1.59,500.84975551020403,0.0,0.031
1.591,500.84975551020403,0.0,0.032
1.592,500.84975551020403,0.0,0.031
1.593,500.84975551020403,0.0,0.034
1.594,500.84975551020403,0.0,0.036
1.595,500.84975551020403,0.0,0.036
1.596,500.84975551020403,0.0,0.039
1.597,500.84975551020403,0.0,0.043
1.598,500.84975551020403,0.0,0.046
1.599,500.84975551020403,0.0,0.052
1.6,500.84975551020403,0.0,0.057
1.601,500.84975551020403,0.0,0.061
1.602,500.84975551020403,0.0,0.067
1.603,500.84975551020403,0.0,0.072
1.604,500.84975551020403,0.0,0.075
1.605,500.84975551020403,0.0,0.083
1.606,500.84975551020403,0.0,0.086
1.607,500.84975551020403,0.0,0.087
1.608,500.84975551020403,0.0,0.093
1.609,500.84975551020403,0.0,0.093
1.61,500.84975551020403,0.0,0.089
1.611,500.84975551020403,0.0,0.09
1.612,500.84975551020403,0.0,0.086
1.613,500.84975551020403,0.0,0.079
1.614,500.84975551020403,0.0,0.077
1.615,500.84975551020403,0.0,0.068
1.616,500.84975551020403,0.0,0.059
1.617,500.84975551020403,0.0,0.058
1.618,500.84975551020403,0.0,0.052
1.619,500.84975551020403,0.0,0.045
1.62,500.84975551020403,0.0,0.045
1.621,500.84975551020403,0.0,0.042
1.622,500.84975551020403,0.0,0.037
1.623,500.84975551020403,0.0,0.036
1.624,500.84975551020403,0.0,0.033
1.625,500.84975551020403,0.0,0.03
1.626,500.84975551020403,0.0,0.029
1.627,500.84975551020403,0.0,0.027
1.628,500.84975551020403,0.0,0.024
1.629,500.84975551020403,0.0,0.022
1.63,500.84975551020403,0.0,0.021
1.631,500.84975551020403,0.0,0.02
1.632,500.84975551020403,0.0,0.021
1.633,500.84975551020403,0.0,0.02
1.634,500.84975551020403,0.0,0.018
1.635,500.84975551020403,0.0,0.019
1.636,500.84975551020403,0.0,0.019
1.637,500.84975551020403,0.0,0.019
1.638,500.84975551020403,0.0,0.02
1.639,500.84975551020403,0.0,0.019
1.64,500.84975551020403,0.0,0.018
1.641,500.84975551020403,0.0,0.02
1.642,500.84975551020403,0.0,0.02
1.643,668.5534974489796,0.0,0.02
1.644,668.5534974489796,0.0,0.022
1.645,668.5534974489796,0.0,0.023
1.646,668.5534974489796,0.0,0.024
1.647,668.5534974489796,0.0,0.026
1.648,668.5534974489796,0.0,0.029
1.649,668.5534974489796,0.0,0.031
1.65,668.5534974489796,0.0,0.034
1.651,668.5534974489796,0.0,0.038
1.652,668.5534974489796,0.0,0.038
1.653,668.5534974489796,0.0,0.039
1.654,668.5534974489796,0.0,0.042
1.655,668.5534974489796,0.0,0.043
1.656,668.5534974489796,0.0,0.045
1.657,668.5534974489796,0.0,0.048
1.658,668.5534974489796,0.0,0.048
1.659,668.5534974489796,0.0,0.05
1.66,668.5534974489796,0.0,0.051
1.661,668.5534974489796,0.0,0.051
1.662,668.5534974489796,0.0,0.053
1.663,668.5534974489796,0.0,0.054
1.664,668.5534974489796,0.0,0.049
1.665,668.5534974489796,0.0,0.048
1.666,668.5534974489796,0.0,0.048
1.667,668.5534974489796,0.0,0.044
1.668,668.5534974489796,0.0,0.043
1.669,668.5534974489796,0.0,0.042
1.67,668.5534974489796,0.0,0.038
1.671,668.5534974489796,0.0,0.038
1.672,668.5534974489796,0.0,0.039
1.673,668.5534974489796,0.0,0.035
1.674,668.5534974489796,0.0,0.035
1.675,668.5534974489796,0.0,0.036
1.676,668.5534974489796,0.0,0.034
1.677,668.5534974489796,0.0,0.035
1.678,668.5534974489796,0.0,0.037
1.679,668.5534974489796,0.0,0.034
1.68,668.5534974489796,0.0,0.034
1.681,668.5534974489796,0.0,0.037
1.682,668.5534974489796,0.0,0.035
1.683,668.5534974489796,0.0,0.034
1.684,668.5534974489796,0.0,0.036
1.685,668.5534974489796,0.0,0.032
1.686,668.5534974489796,0.0,0.031
1.687,668.5534974489796,0.0,0.033
1.688,668.5534974489796,0.0,0.03
1.689,668.5534974489796,0.0,0.028
1.69,668.5534974489796,0.0,0.031
1.691,668.5534974489796,0.0,0.027
1.692,668.5534974489796,0.0,0.026
1.693,668.5534974489796,0.0,0.029
1.694,668.5534974489796,0.0,0.025
1.695,668.5534974489796,0.0,0.024
1.696,668.5534974489796,0.0,0.027
1.697,668.5534974489796,0.0,0.023
1.698,668.5534974489796,0.0,0.022
1.699,668.5534974489796,0.0,0.023
1.7,668.5534974489796,0.0,0.019
1.701,668.5534974489796,0.0,0.019
1.702,668.5534974489796,0.0,0.021
1.703,668.5534974489796,0.0,0.018
1.704,668.5534974489796,0.0,0.017
1.705,668.5534974489796,0.0,0.018
1.706,668.5534974489796,0.0,0.016
1.707,668.5534974489796,0.0,0.015
1.708,668.5534974489796,0.0,0.017
1.709,668.5534974489796,0.0,0.015
1.71,668.5534974489796,0.0,0.014
1.711,668.5534974489796,0.0,0.016
1.712,668.5534974489796,0.0,0.014
1.713,668.5534974489796,0.0,0.014
1.714,668.5534974489796,0.0,0.016
1.715,668.5534974489796,0.0,0.015
1.716,668.5534974489796,0.0,0.014
1.717,668.5534974489796,0.0,0.016
1.718,668.5534974489796,0.0,0.015
1.719,668.5534974489796,0.0,0.015
1.72,668.5534974489796,0.0,0.017
1.721,668.5534974489796,0.0,0.016
1.722,668.5534974489796,0.0,0.016
1.723,668.5534974489796,0.0,0.018
1.724,668.5534974489796,0.0,0.018
1.725,668.5534974489796,0.0,0.016
1.726,668.5534974489796,0.0,0.019
1.727,668.5534974489796,0.0,0.018
1.728,668.5534974489796,0.0,0.017
1.729,668.5534974489796,0.0,0.018
1.73,668.5534974489796,0.0,0.017
1.731,668.5534974489796,0.0,0.015
1.732,668.5534974489796,0.0,0.015
1.733,668.5534974489796,0.0,0.014
1.734,668.5534974489796,0.0,0.011
1.735,668.5534974489796,0.0,0.011
1.736,668.5534974489796,0.0,0.01
1.737,668.5534974489796,0.0,0.009
1.738,668.5534974489796,0.0,0.009
1.739,668.5534974489796,0.0,0.01
1.74,668.5534974489796,0.0,0.009
1.741,668.5534974489796,0.0,0.01
1.742,668.5534974489796,0.0,0.01
1.743,668.5534974489796,0.0,0.01
1.744,668.5534974489796,0.0,0.01
1.745,668.5534974489796,0.0,0.01
1.746,668.5534974489796,0.0,0.01
1.747,668.5534974489796,0.0,0.01
1.748,668.5534974489796,0.0,0.01
1.749,668.5534974489796,0.0,0.011
1.75,668.5534974489796,0.0,0.011
1.751,668.5534974489796,0.0,0.011
1.752,668.5534974489796,0.0,0.012
1.753,668.5534974489796,0.0,0.012
1.754,668.5534974489796,0.0,0.012
1.755,668.5534974489796,0.0,0.012
1.756,668.5534974489796,0.0,0.012
1.757,668.5534974489796,0.0,0.012
1.758,668.5534974489796,0.0,0.011
1.759,668.5534974489796,0.0,0.011
1.76,668.5534974489796,0.0,0.01
1.761,668.5534974489796,0.0,0.009
1.762,668.5534974489796,0.0,0.008
1.763,668.5534974489796,0.0,0.007
1.764,668.5534974489796,0.0,0.006
1.765,668.5534974489796,0.0,0.005
1.766,668.5534974489796,0.0,0.004
1.767,668.5534974489796,0.0,0.004
1.768,668.5534974489796,0.0,0.003
1.769,668.5534974489796,0.0,0.003
1.77,668.5534974489796,0.0,0.002
1.771,668.5534974489796,0.0,0.002
1.772,668.5534974489796,0.0,0.001
1.773,668.5534974489796,0.0,0.001
1.774,668.5534974489796,0.0,0.001
1.775,668.5534974489796,0.0,0.001
1.776,668.5534974489796,0.0,0.001
1.777,668.5534974489796,0.0,0.0
1.778,668.5534974489796,0.0,0.0
1.779,668.5534974489796,0.0,0.0
1.78,668.5534974489796,0.0,0.0
1.781,668.5534974489796,0.0,0.0
1.782,631.0313443877551,0.0,0.0
1.783,631.0313443877551,0.0,0.0
1.784,631.0313443877551,0.0,0.0
1.785,631.0313443877551,0.0,0.0
1.786,631.0313443877551,0.0,0.0
1.787,631.0313443877551,0.0,0.0
1.788,631.0313443877551,0.0,0.0
1.789,631.0313443877551,0.0,0.001
1.79,631.0313443877551,0.0,0.001
1.791,631.0313443877551,0.0,0.001
1.792,631.0313443877551,0.0,0.001
1.793,631.0313443877551,0.0,0.001
1.794,631.0313443877551,0.0,0.001
1.795,631.0313443877551,0.0,0.001
1.796,631.0313443877551,0.0,0.001
1.797,631.0313443877551,0.0,0.001
1.798,631.0313443877551,0.0,0.001
1.799,631.0313443877551,0.0,0.001
1.8,631.0313443877551,0.0,0.001
1.801,631.0313443877551,0.0,0.001
1.802,631.0313443877551,0.0,0.001
1.803,631.0313443877551,0.0,0.001
1.804,631.0313443877551,0.0,0.001
1.805,631.0313443877551,0.0,0.001
1.806,631.0313443877551,0.0,0.001
1.807,631.0313443877551,0.0,0.001
1.808,631.0313443877551,0.0,0.001
1.809,631.0313443877551,0.0,0.001
1.81,631.0313443877551,0.0,0.001
1.811,631.0313443877551,0.0,0.001
1.812,631.0313443877551,0.0,0.001
1.813,631.0313443877551,0.0,0.001
1.814,631.0313443877551,0.0,0.001
1.815,631.0313443877551,0.0,0.001
1.816,631.0313443877551,0.0,0.001
1.817,631.0313443877551,0.0,0.001
1.818,631.0313443877551,0.0,0.001
1.819,631.0313443877551,0.0,0.001
1.82,631.0313443877551,0.0,0.001
1.821,631.0313443877551,0.0,0.001
1.822,631.0313443877551,0.0,0.001
1.823,631.0313443877551,0.0,0.001
1.824,631.0313443877551,0.0,0.001
1.825,631.0313443877551,0.0,0.001
1.826,631.0313443877551,0.0,0.001
1.827,631.0313443877551,0.0,0.001
1.828,631.0313443877551,0.0,0.001
1.829,631.0313443877551,0.0,0.001
1.83,631.0313443877551,0.0,0.001
1.831,631.0313443877551,0.0,0.001
1.832,631.0313443877551,0.0,0.001
1.833,631.0313443877551,0.0,0.001
1.834,631.0313443877551,0.0,0.001
1.835,631.0313443877551,0.0,0.001
1.836,631.0313443877551,0.0,0.001
1.837,631.0313443877551,0.0,0.001
1.838,631.0313443877551,0.0,0.001
1.839,631.0313443877551,0.0,0.001
1.84,631.0313443877551,0.0,0.001
1.841,631.0313443877551,0.0,0.001
1.842,631.0313443877551,0.0,0.001
1.843,631.0313443877551,0.0,0.001
1.844,631.0313443877551,0.0,0.001
1.845,631.0313443877551,0.0,0.001
1.846,631.0313443877551,0.0,0.001
1.847,631.0313443877551,0.0,0.001
1.848,631.0313443877551,0.0,0.001
1.849,631.0313443877551,0.0,0.001
1.85,631.0313443877551,0.0,0.001
1.851,631.0313443877551,0.0,0.001
1.852,631.0313443877551,0.0,0.001
1.853,631.0313443877551,0.0,0.001
1.854,631.0313443877551,0.0,0.001
1.855,631.0313443877551,0.0,0.001
1.856,631.0313443877551,0.0,0.001
1.857,631.0313443877551,0.0,0.001
1.858,631.0313443877551,0.0,0.001
1.859,631.0313443877551,0.0,0.001
1.86,631.0313443877551,0.0,0.001
1.861,631.0313443877551,0.0,0.001
1.862,631.0313443877551,0.0,0.001
1.863,631.0313443877551,0.0,0.001
1.864,631.0313443877551,0.0,0.001
1.865,631.0313443877551,0.0,0.001
1.866,631.0313443877551,0.0,0.001
1.867,631.0313443877551,0.0,0.001
1.868,631.0313443877551,0.0,0.001
1.869,631.0313443877551,0.0,0.001
1.87,631.0313443877551,0.0,0.001
1.871,631.0313443877551,0.0,0.001
1.872,631.0313443877551,0.0,0.001
1.873,631.0313443877551,0.0,0.001
1.874,631.0313443877551,0.0,0.001
1.875,631.0313443877551,0.0,0.001
1.876,631.0313443877551,0.0,0.001
1.877,631.0313443877551,0.0,0.001
1.878,631.0313443877551,0.0,0.001
1.879,631.0313443877551,0.0,0.001
1.88,631.0313443877551,0.0,0.001
1.881,631.0313443877551,0.0,0.001
1.882,631.0313443877551,0.0,0.002
1.883,631.0313443877551,0.0,0.002
1.884,631.0313443877551,0.0,0.002
1.885,631.0313443877551,0.0,0.002
1.886,631.0313443877551,0.0,0.002
1.887,631.0313443877551,0.0,0.002
1.888,631.0313443877551,0.0,0.002
1.889,631.0313443877551,0.0,0.003
1.89,631.0313443877551,0.0,0.003
1.891,631.0313443877551,0.0,0.003
1.892,631.0313443877551,0.0,0.003
1.893,631.0313443877551,0.0,0.003
1.894,631.0313443877551,0.0,0.002
1.895,631.0313443877551,0.0,0.002
1.896,631.0313443877551,0.0,0.002
1.897,631.0313443877551,0.0,0.002
1.898,631.0313443877551,0.0,0.002
1.899,631.0313443877551,0.0,0.002
1.9,631.0313443877551,0.0,0.002
1.901,631.0313443877551,0.0,0.002
1.902,631.0313443877551,0.0,0.001
1.903,631.0313443877551,0.0,0.001
1.904,631.0313443877551,0.0,0.001
1.905,631.0313443877551,0.0,0.001
1.906,631.0313443877551,0.0,0.001
1.907,631.0313443877551,0.0,0.001
1.908,631.0313443877551,0.0,0.001
1.909,631.0313443877551,0.0,0.001
1.91,631.0313443877551,0.0,0.001
1.911,631.0313443877551,0.0,0.001
1.912,631.0313443877551,0.0,0.001
1.913,631.0313443877551,0.0,0.002
1.914,631.0313443877551,0.0,0.002
1.915,631.0313443877551,0.0,0.002
1.916,631.0313443877551,0.0,0.002
1.917,631.0313443877551,0.0,0.002
1.918,631.0313443877551,0.0,0.003
1.919,631.0313443877551,0.0,0.003
1.92,631.0313443877551,0.0,0.003
1.921,668.5534974489796,0.0,0.004
1.922,668.5534974489796,0.0,0.004
1.923,668.5534974489796,0.0,0.005
1.924,668.5534974489796,0.0,0.005
1.925,668.5534974489796,0.0,0.006
1.926,668.5534974489796,0.0,0.006
1.927,668.5534974489796,0.0,0.007
1.928,668.5534974489796,0.0,0.008
1.929,668.5534974489796,0.0,0.008
1.93,668.5534974489796,0.0,0.008
1.931,668.5534974489796,0.0,0.008
1.932,668.5534974489796,0.0,0.008
1.933,668.5534974489796,0.0,0.008
1.934,668.5534974489796,0.0,0.009
1.935,668.5534974489796,0.0,0.008
1.936,668.5534974489796,0.0,0.008
1.937,668.5534974489796,0.0,0.009
1.938,668.5534974489796,0.0,0.009
1.939,668.5534974489796,0.0,0.008
1.94,668.5534974489796,0.0,0.008
1.941,668.5534974489796,0.0,0.008
1.942,668.5534974489796,0.0,0.008
1.943,668.5534974489796,0.0,0.008
1.944,668.5534974489796,0.0,0.008
1.945,668.5534974489796,0.0,0.008
1.946,668.5534974489796,0.0,0.007
1.947,668.5534974489796,0.0,0.007
1.948,668.5534974489796,0.0,0.007
1.949,668.5534974489796,0.0,0.006
1.95,668.5534974489796,0.0,0.006
1.951,668.5534974489796,0.0,0.006
1.952,668.5534974489796,0.0,0.006
1.953,668.5534974489796,0.0,0.005
1.954,668.5534974489796,0.0,0.005
1.955,668.5534974489796,0.0,0.005
1.956,668.5534974489796,0.0,0.005
1.957,668.5534974489796,0.0,0.004
1.958,668.5534974489796,0.0,0.004
1.959,668.5534974489796,0.0,0.004
1.96,668.5534974489796,0.0,0.004
1.961,668.5534974489796,0.0,0.004
1.962,668.5534974489796,0.0,0.003
1.963,668.5534974489796,0.0,0.003
1.964,668.5534974489796,0.0,0.003
1.965,668.5534974489796,0.0,0.003
1.966,668.5534974489796,0.0,0.003
1.967,668.5534974489796,0.0,0.003
1.968,668.5534974489796,0.0,0.003
1.969,668.5534974489796,0.0,0.003
1.97,668.5534974489796,0.0,0.003
1.971,668.5534974489796,0.0,0.002
1.972,668.5534974489796,0.0,0.002
1.973,668.5534974489796,0.0,0.002
1.974,668.5534974489796,0.0,0.002
1.975,668.5534974489796,0.0,0.002
1.976,668.5534974489796,0.0,0.002
1.977,668.5534974489796,0.0,0.002
1.978,668.5534974489796,0.0,0.002
1.979,668.5534974489796,0.0,0.002
1.98,668.5534974489796,0.0,0.002
1.981,668.5534974489796,0.0,0.002
1.982,668.5534974489796,0.0,0.002
1.983,668.5534974489796,0.0,0.002
1.984,668.5534974489796,0.0,0.002
1.985,668.5534974489796,0.0,0.002
1.986,668.5534974489796,0.0,0.002
1.987,668.5534974489796,0.0,0.002
1.988,668.5534974489796,0.0,0.002
1.989,668.5534974489796,0.0,0.002
1.99,668.5534974489796,0.0,0.002
1.991,668.5534974489796,0.0,0.002
1.992,668.5534974489796,0.0,0.002
1.993,668.5534974489796,0.0,0.002
1.994,668.5534974489796,0.0,0.002
1.995,668.5534974489796,0.0,0.002
1.996,668.5534974489796,0.0,0.002
1.997,668.5534974489796,0.0,0.002
1.998,668.5534974489796,0.0,0.002
1.999,668.5534974489796,0.0,0.002
2.0,668.5534974489796,0.0,0.002
2.001,668.5534974489796,0.0,0.002
2.002,668.5534974489796,0.0,0.002
2.003,668.5534974489796,0.0,0.002
2.004,668.5534974489796,0.0,0.002
2.005,668.5534974489796,0.0,0.002
2.006,668.5534974489796,0.0,0.003
2.007,668.5534974489796,0.0,0.002
2.008,668.5534974489796,0.0,0.003
2.009,668.5534974489796,0.0,0.003
2.01,668.5534974489796,0.0,0.003
2.011,668.5534974489796,0.0,0.003
2.012,668.5534974489796,0.0,0.003
2.013,668.5534974489796,0.0,0.003
2.014,668.5534974489796,0.0,0.003
2.015,668.5534974489796,0.0,0.004
2.016,668.5534974489796,0.0,0.004
2.017,668.5534974489796,0.0,0.004
2.018,668.5534974489796,0.0,0.004
2.019,668.5534974489796,0.0,0.005
2.02,668.5534974489796,0.0,0.005
2.021,668.5534974489796,0.0,0.005
2.022,668.5534974489796,0.0,0.005
2.023,668.5534974489796,0.0,0.006
2.024,668.5534974489796,0.0,0.006
2.025,668.5534974489796,0.0,0.006
2.026,668.5534974489796,0.0,0.006
2.027,668.5534974489796,0.0,0.007
2.028,668.5534974489796,0.0,0.007
2.029,668.5534974489796,0.0,0.007
2.03,668.5534974489796,0.0,0.008
2.031,668.5534974489796,0.0,0.008
2.032,668.5534974489796,0.0,0.009
2.033,668.5534974489796,0.0,0.009
2.034,668.5534974489796,0.0,0.01
2.035,668.5534974489796,0.0,0.01
2.036,668.5534974489796,0.0,0.011
2.037,668.5534974489796,0.0,0.011
2.038,668.5534974489796,0.0,0.011
2.039,668.5534974489796,0.0,0.012
2.04,668.5534974489796,0.0,0.012
2.041,668.5534974489796,0.0,0.011
2.042,668.5534974489796,0.0,0.011
2.043,668.5534974489796,0.0,0.011
2.044,668.5534974489796,0.0,0.01
2.045,668.5534974489796,0.0,0.01
2.046,668.5534974489796,0.0,0.009
2.047,668.5534974489796,0.0,0.008
2.048,668.5534974489796,0.0,0.008
2.049,668.5534974489796,0.0,0.007
2.05,668.5534974489796,0.0,0.006
2.051,668.5534974489796,0.0,0.006
2.052,668.5534974489796,0.0,0.005
2.053,668.5534974489796,0.0,0.004
2.054,668.5534974489796,0.0,0.004
2.055,668.5534974489796,0.0,0.004
2.056,668.5534974489796,0.0,0.004
2.057,668.5534974489796,0.0,0.004
2.058,668.5534974489796,0.0,0.004
2.059,668.5534974489796,0.0,0.003
2.06,668.5534974489796,0.0,0.003
2.061,668.5534974489796,0.0,0.003
2.062,668.5534974489796,0.0,0.002
2.063,668.5534974489796,0.0,0.002
2.064,668.5534974489796,0.0,0.002
2.065,668.5534974489796,0.0,0.002
2.066,668.5534974489796,0.0,0.002
2.067,668.5534974489796,0.0,0.002
2.068,668.5534974489796,0.0,0.002
2.069,668.5534974489796,0.0,0.002
2.07,668.5534974489796,0.0,0.002
2.071,668.5534974489796,0.0,0.002
2.072,668.5534974489796,0.0,0.002
2.073,668.5534974489796,0.0,0.002
2.074,668.5534974489796,0.0,0.002
2.075,668.5534974489796,0.0,0.002
2.076,668.5534974489796,0.0,0.002
2.077,795.0538588775511,0.0,0.002
2.078,795.0538588775511,0.0,0.002
2.079,795.0538588775511,0.0,0.002
2.08,795.0538588775511,0.0,0.003
2.081,795.0538588775511,0.0,0.004
2.082,795.0538588775511,0.0,0.005
2.083,795.0538588775511,0.0,0.006
2.084,795.0538588775511,0.0,0.007
2.085,795.0538588775511,0.0,0.008
2.086,795.0538588775511,0.0,0.01
2.087,795.0538588775511,0.0,0.012
2.088,795.0538588775511,0.0,0.015
2.089,795.0538588775511,0.0,0.017
2.09,795.0538588775511,0.0,0.02
2.091,795.0538588775511,0.0,0.022
2.092,795.0538588775511,0.0,0.022
2.093,795.0538588775511,0.0,0.023
2.094,795.0538588775511,0.0,0.023
2.095,795.0538588775511,0.0,0.024
2.096,795.0538588775511,0.0,0.023
2.097,795.0538588775511,0.0,0.022
2.098,795.0538588775511,0.0,0.02
2.099,795.0538588775511,0.0,0.018
2.1,795.0538588775511,0.0,0.016
2.101,795.0538588775511,0.0,0.014
2.102,795.0538588775511,0.0,0.013
2.103,795.0538588775511,0.0,0.012
2.104,795.0538588775511,0.0,0.012
2.105,795.0538588775511,0.0,0.011
2.106,795.0538588775511,0.0,0.012
2.107,795.0538588775511,0.0,0.012
2.108,795.0538588775511,0.0,0.012
2.109,795.0538588775511,0.0,0.012
2.11,795.0538588775511,0.0,0.013
2.111,795.0538588775511,0.0,0.015
2.112,795.0538588775511,0.0,0.016
2.113,795.0538588775511,0.0,0.018
2.114,795.0538588775511,0.0,0.02
2.115,795.0538588775511,0.0,0.022
2.116,795.0538588775511,0.0,0.023
2.117,795.0538588775511,0.0,0.024
2.118,795.0538588775511,0.0,0.027
2.119,795.0538588775511,0.0,0.031
2.12,795.0538588775511,0.0,0.035
2.121,795.0538588775511,0.0,0.037
2.122,795.0538588775511,0.0,0.039
2.123,795.0538588775511,0.0,0.042
2.124,795.0538588775511,0.0,0.043
2.125,795.0538588775511,0.0,0.042
2.126,795.0538588775511,0.0,0.044
2.127,795.0538588775511,0.0,0.048
2.128,795.0538588775511,0.0,0.051
2.129,795.0538588775511,0.0,0.05
2.13,795.0538588775511,0.0,0.05
2.131,795.0538588775511,0.0,0.049
2.132,795.0538588775511,0.0,0.045
2.133,795.0538588775511,0.0,0.041
2.134,795.0538588775511,0.0,0.041
2.135,795.0538588775511,0.0,0.042
2.136,795.0538588775511,0.0,0.043
2.137,795.0538588775511,0.0,0.041
2.138,795.0538588775511,0.0,0.04
2.139,795.0538588775511,0.0,0.039
2.14,795.0538588775511,0.0,0.035
2.141,795.0538588775511,0.0,0.032
2.142,795.0538588775511,0.0,0.031
2.143,795.0538588775511,0.0,0.032
2.144,795.0538588775511,0.0,0.033
2.145,795.0538588775511,0.0,0.033
2.146,795.0538588775511,0.0,0.032
2.147,795.0538588775511,0.0,0.032
2.148,795.0538588775511,0.0,0.031
2.149,795.0538588775511,0.0,0.03
2.15,795.0538588775511,0.0,0.029
2.151,795.0538588775511,0.0,0.031
2.152,795.0538588775511,0.0,0.035
2.153,795.0538588775511,0.0,0.036
2.154,795.0538588775511,0.0,0.037
2.155,795.0538588775511,0.0,0.038
2.156,795.0538588775511,0.0,0.038
2.157,795.0538588775511,0.0,0.038
2.158,795.0538588775511,0.0,0.039
2.159,795.0538588775511,0.0,0.04
2.16,795.0538588775511,0.0,0.043
2.161,795.0538588775511,0.0,0.043
2.162,795.0538588775511,0.0,0.042
2.163,795.0538588775511,0.0,0.04
2.164,795.0538588775511,0.0,0.039
2.165,795.0538588775511,0.0,0.037
2.166,795.0538588775511,0.0,0.035
2.167,795.0538588775511,0.0,0.034
2.168,795.0538588775511,0.0,0.034
2.169,795.0538588775511,0.0,0.034
2.17,795.0538588775511,0.0,0.033
2.171,795.0538588775511,0.0,0.031
2.172,795.0538588775511,0.0,0.031
2.173,795.0538588775511,0.0,0.031
2.174,795.0538588775511,0.0,0.031
2.175,795.0538588775511,0.0,0.03
2.176,795.0538588775511,0.0,0.029
2.177,795.0538588775511,0.0,0.028
2.178,795.0538588775511,0.0,0.026
2.179,795.0538588775511,0.0,0.024
2.18,795.0538588775511,0.0,0.023
2.181,795.0538588775511,0.0,0.021
2.182,795.0538588775511,0.0,0.019
2.183,795.0538588775511,0.0,0.017
2.184,795.0538588775511,0.0,0.016
2.185,795.0538588775511,0.0,0.014
2.186,795.0538588775511,0.0,0.013
2.187,795.0538588775511,0.0,0.012
2.188,795.0538588775511,0.0,0.012
2.189,795.0538588775511,0.0,0.012
2.19,795.0538588775511,0.0,0.012
2.191,795.0538588775511,0.0,0.012
2.192,795.0538588775511,0.0,0.012
2.193,795.0538588775511,0.0,0.012
2.194,795.0538588775511,0.0,0.012
2.195,795.0538588775511,0.0,0.011
2.196,795.0538588775511,0.0,0.011
2.197,795.0538588775511,0.0,0.011
2.198,795.0538588775511,0.0,0.01
2.199,795.0538588775511,0.0,0.01
2.2,795.0538588775511,0.0,0.01
2.201,795.0538588775511,0.0,0.009
2.202,795.0538588775511,0.0,0.009
2.203,795.0538588775511,0.0,0.009
2.204,795.0538588775511,0.0,0.01
2.205,795.0538588775511,0.0,0.01
2.206,795.0538588775511,0.0,0.01
2.207,795.0538588775511,0.0,0.01
2.208,795.0538588775511,0.0,0.01
2.209,795.0538588775511,0.0,0.011
2.21,795.0538588775511,0.0,0.011
2.211,795.0538588775511,0.0,0.011
2.212,795.0538588775511,0.0,0.012
2.213,795.0538588775511,0.0,0.013
2.214,795.0538588775511,0.0,0.013
2.215,795.0538588775511,0.0,0.014
2.216,795.0538588775511,0.0,0.014
2.217,795.0538588775511,0.0,0.015
2.218,668.5534974489796,0.0,0.015
2.219,668.5534974489796,0.0,0.015
2.22,668.5534974489796,0.0,0.015
2.221,668.5534974489796,0.0,0.015
2.222,668.5534974489796,0.0,0.014
2.223,668.5534974489796,0.0,0.014
2.224,668.5534974489796,0.0,0.013
2.225,668.5534974489796,0.0,0.013
2.226,668.5534974489796,0.0,0.012
2.227,668.5534974489796,0.0,0.011
2.228,668.5534974489796,0.0,0.011
2.229,668.5534974489796,0.0,0.01
2.23,668.5534974489796,0.0,0.009
2.231,668.5534974489796,0.0,0.008
2.232,668.5534974489796,0.0,0.008
2.233,668.5534974489796,0.0,0.007
2.234,668.5534974489796,0.0,0.008
2.235,668.5534974489796,0.0,0.008
2.236,668.5534974489796,0.0,0.008
2.237,668.5534974489796,0.0,0.008
2.238,668.5534974489796,0.0,0.009
2.239,668.5534974489796,0.0,0.009
2.24,668.5534974489796,0.0,0.009
2.241,668.5534974489796,0.0,0.011
2.242,668.5534974489796,0.0,0.012
2.243,668.5534974489796,0.0,0.013
2.244,668.5534974489796,0.0,0.014
2.245,668.5534974489796,0.0,0.014
2.246,668.5534974489796,0.0,0.014
2.247,668.5534974489796,0.0,0.014
2.248,668.5534974489796,0.0,0.014
2.249,668.5534974489796,0.0,0.015
2.25,668.5534974489796,0.0,0.014
2.251,668.5534974489796,0.0,0.014
2.252,668.5534974489796,0.0,0.015
2.253,668.5534974489796,0.0,0.014
2.254,668.5534974489796,0.0,0.014
2.255,668.5534974489796,0.0,0.014
2.256,668.5534974489796,0.0,0.013
2.257,668.5534974489796,0.0,0.013
2.258,668.5534974489796,0.0,0.013
2.259,668.5534974489796,0.0,0.013
2.26,668.5534974489796,0.0,0.013
2.261,668.5534974489796,0.0,0.012
2.262,668.5534974489796,0.0,0.012
2.263,668.5534974489796,0.0,0.011
2.264,668.5534974489796,0.0,0.01
2.265,668.5534974489796,0.0,0.01
2.266,668.5534974489796,0.0,0.009
2.267,668.5534974489796,0.0,0.009
2.268,668.5534974489796,0.0,0.008
2.269,668.5534974489796,0.0,0.008
2.27,668.5534974489796,0.0,0.007
2.271,668.5534974489796,0.0,0.006
2.272,668.5534974489796,0.0,0.006
2.273,668.5534974489796,0.0,0.006
2.274,668.5534974489796,0.0,0.006
2.275,668.5534974489796,0.0,0.005
2.276,668.5534974489796,0.0,0.005
2.277,668.5534974489796,0.0,0.005
2.278,668.5534974489796,0.0,0.005
2.279,668.5534974489796,0.0,0.005
2.28,668.5534974489796,0.0,0.004
2.281,668.5534974489796,0.0,0.004
2.282,668.5534974489796,0.0,0.004
2.283,668.5534974489796,0.0,0.004
2.284,668.5534974489796,0.0,0.004
2.285,668.5534974489796,0.0,0.004
2.286,668.5534974489796,0.0,0.004
2.287,668.5534974489796,0.0,0.005
2.288,668.5534974489796,0.0,0.005
2.289,668.5534974489796,0.0,0.005
2.29,668.5534974489796,0.0,0.006
2.291,668.5534974489796,0.0,0.006
2.292,668.5534974489796,0.0,0.006
2.293,668.5534974489796,0.0,0.006
2.294,668.5534974489796,0.0,0.006
2.295,668.5534974489796,0.0,0.007
2.296,668.5534974489796,0.0,0.007
2.297,668.5534974489796,0.0,0.008
2.298,668.5534974489796,0.0,0.008
2.299,668.5534974489796,0.0,0.009
2.3,668.5534974489796,0.0,0.009
2.301,668.5534974489796,0.0,0.01
2.302,668.5534974489796,0.0,0.01
2.303,668.5534974489796,0.0,0.01
2.304,668.5534974489796,0.0,0.011
2.305,668.5534974489796,0.0,0.011
2.306,668.5534974489796,0.0,0.011
2.307,668.5534974489796,0.0,0.012
2.308,668.5534974489796,0.0,0.012
2.309,668.5534974489796,0.0,0.012
2.31,668.5534974489796,0.0,0.012
2.311,668.5534974489796,0.0,0.012
2.312,668.5534974489796,0.0,0.012
2.313,668.5534974489796,0.0,0.012
2.314,668.5534974489796,0.0,0.012
2.315,668.5534974489796,0.0,0.011
2.316,668.5534974489796,0.0,0.011
2.317,668.5534974489796,0.0,0.011
2.318,668.5534974489796,0.0,0.01
2.319,668.5534974489796,0.0,0.009
2.32,668.5534974489796,0.0,0.009
2.321,668.5534974489796,0.0,0.008
2.322,668.5534974489796,0.0,0.007
2.323,668.5534974489796,0.0,0.007
2.324,668.5534974489796,0.0,0.007
2.325,668.5534974489796,0.0,0.006
2.326,668.5534974489796,0.0,0.006
2.327,668.5534974489796,0.0,0.006
2.328,668.5534974489796,0.0,0.006
2.329,668.5534974489796,0.0,0.005
2.33,668.5534974489796,0.0,0.005
2.331,668.5534974489796,0.0,0.005
2.332,668.5534974489796,0.0,0.004
2.333,668.5534974489796,0.0,0.004
2.334,668.5534974489796,0.0,0.004
2.335,668.5534974489796,0.0,0.004
2.336,668.5534974489796,0.0,0.003
2.337,668.5534974489796,0.0,0.003
2.338,668.5534974489796,0.0,0.003
2.339,668.5534974489796,0.0,0.003
2.34,668.5534974489796,0.0,0.002
2.341,668.5534974489796,0.0,0.002
2.342,668.5534974489796,0.0,0.002
2.343,668.5534974489796,0.0,0.002
2.344,668.5534974489796,0.0,0.002
2.345,668.5534974489796,0.0,0.002
2.346,668.5534974489796,0.0,0.002
2.347,668.5534974489796,0.0,0.002
2.348,668.5534974489796,0.0,0.002
2.349,668.5534974489796,0.0,0.001
2.35,668.5534974489796,0.0,0.001
2.351,668.5534974489796,0.0,0.001
2.352,668.5534974489796,0.0,0.001
2.353,668.5534974489796,0.0,0.002
2.354,668.5534974489796,0.0,0.002
2.355,668.5534974489796,0.0,0.002
2.356,668.5534974489796,0.0,0.002
2.357,668.5534974489796,0.0,0.002
2.358,668.5534974489796,0.0,0.002
2.359,668.5534974489796,0.0,0.003
2.36,668.5534974489796,0.0,0.003
2.361,668.5534974489796,0.0,0.004
2.362,668.5534974489796,0.0,0.004
2.363,668.5534974489796,0.0,0.005
2.364,668.5534974489796,0.0,0.006
2.365,668.5534974489796,0.0,0.007
2.366,668.5534974489796,0.0,0.008
2.367,668.5534974489796,0.0,0.009
2.368,668.5534974489796,0.0,0.011
2.369,668.5534974489796,0.0,0.012
2.37,668.5534974489796,0.0,0.013
2.371,668.5534974489796,0.0,0.014
2.372,668.5534974489796,0.0,0.016
2.373,668.5534974489796,0.0,0.016
2.374,668.5534974489796,0.0,0.017
2.375,668.5534974489796,0.0,0.018
2.376,668.5534974489796,0.0,0.019
2.377,668.5534974489796,0.0,0.019
2.378,668.5534974489796,0.0,0.02
2.379,668.5534974489796,0.0,0.021
2.38,668.5534974489796,0.0,0.02
2.381,668.5534974489796,0.0,0.02
2.382,668.5534974489796,0.0,0.021
2.383,668.5534974489796,0.0,0.02
2.384,668.5534974489796,0.0,0.019
2.385,668.5534974489796,0.0,0.019
2.386,668.5534974489796,0.0,0.018
2.387,668.5534974489796,0.0,0.017
2.388,668.5534974489796,0.0,0.016
2.389,668.5534974489796,0.0,0.015
2.39,668.5534974489796,0.0,0.014
2.391,500.84975551020403,0.0,0.013
2.392,500.84975551020403,0.0,0.013
2.393,500.84975551020403,0.0,0.012
2.394,500.84975551020403,0.0,0.011
2.395,500.84975551020403,0.0,0.011
2.396,500.84975551020403,0.0,0.011
2.397,500.84975551020403,0.0,0.01
2.398,500.84975551020403,0.0,0.009
2.399,500.84975551020403,0.0,0.009
2.4,500.84975551020403,0.0,0.009
2.401,500.84975551020403,0.0,0.009
2.402,500.84975551020403,0.0,0.009
2.403,500.84975551020403,0.0,0.01
2.404,500.84975551020403,0.0,0.01
2.405,500.84975551020403,0.0,0.009
2.406,500.84975551020403,0.0,0.01
2.407,500.84975551020403,0.0,0.01
2.408,500.84975551020403,0.0,0.011
2.409,500.84975551020403,0.0,0.011
2.41,500.84975551020403,0.0,0.011
2.411,500.84975551020403,0.0,0.011
2.412,500.84975551020403,0.0,0.012
2.413,500.84975551020403,0.0,0.012
2.414,500.84975551020403,0.0,0.012
2.415,500.84975551020403,0.0,0.012
2.416,500.84975551020403,0.0,0.013
2.417,500.84975551020403,0.0,0.013
2.418,500.84975551020403,0.0,0.013
2.419,500.84975551020403,0.0,0.013
2.42,500.84975551020403,0.0,0.013
2.421,500.84975551020403,0.0,0.013
2.422,500.84975551020403,0.0,0.013
2.423,500.84975551020403,0.0,0.014
2.424,500.84975551020403,0.0,0.014
2.425,500.84975551020403,0.0,0.014
2.426,500.84975551020403,0.0,0.015
2.427,500.84975551020403,0.0,0.015
2.428,500.84975551020403,0.0,0.015
2.429,500.84975551020403,0.0,0.015
2.43,500.84975551020403,0.0,0.016
2.431,500.84975551020403,0.0,0.016
2.432,500.84975551020403,0.0,0.016
2.433,500.84975551020403,0.0,0.017
2.434,500.84975551020403,0.0,0.018
2.435,500.84975551020403,0.0,0.018
2.436,500.84975551020403,0.0,0.019
2.437,500.84975551020403,0.0,0.02
2.438,500.84975551020403,0.0,0.02
2.439,500.84975551020403,0.0,0.02
2.44,500.84975551020403,0.0,0.022
2.441,500.84975551020403,0.0,0.023
2.442,500.84975551020403,0.0,0.022
2.443,500.84975551020403,0.0,0.023
2.444,500.84975551020403,0.0,0.024
2.445,500.84975551020403,0.0,0.024
2.446,500.84975551020403,0.0,0.025
2.447,500.84975551020403,0.0,0.026
2.448,500.84975551020403,0.0,0.026
2.449,500.84975551020403,0.0,0.027
2.45,500.84975551020403,0.0,0.029
2.451,500.84975551020403,0.0,0.029
2.452,500.84975551020403,0.0,0.028
2.453,500.84975551020403,0.0,0.029
2.454,500.84975551020403,0.0,0.03
2.455,500.84975551020403,0.0,0.03
2.456,500.84975551020403,0.0,0.03
2.457,500.84975551020403,0.0,0.032
2.458,500.84975551020403,0.0,0.033
2.459,500.84975551020403,0.0,0.033
2.46,500.84975551020403,0.0,0.032
2.461,500.84975551020403,0.0,0.033
2.462,500.84975551020403,0.0,0.035
2.463,500.84975551020403,0.0,0.035
2.464,500.84975551020403,0.0,0.037
2.465,500.84975551020403,0.0,0.039
2.466,500.84975551020403,0.0,0.041
2.467,500.84975551020403,0.0,0.043
2.468,500.84975551020403,0.0,0.046
2.469,500.84975551020403,0.0,0.048
2.47,500.84975551020403,0.0,0.049
2.471,500.84975551020403,0.0,0.05
2.472,500.84975551020403,0.0,0.052
2.473,500.84975551020403,0.0,0.052
2.474,500.84975551020403,0.0,0.054
2.475,500.84975551020403,0.0,0.055
2.476,500.84975551020403,0.0,0.053
2.477,500.84975551020403,0.0,0.052
2.478,500.84975551020403,0.0,0.053
2.479,500.84975551020403,0.0,0.053
2.48,500.84975551020403,0.0,0.051
2.481,500.84975551020403,0.0,0.05
2.482,500.84975551020403,0.0,0.052
2.483,500.84975551020403,0.0,0.05
2.484,500.84975551020403,0.0,0.049
2.485,500.84975551020403,0.0,0.05
2.486,500.84975551020403,0.0,0.05
2.487,500.84975551020403,0.0,0.049
2.488,500.84975551020403,0.0,0.052
2.489,500.84975551020403,0.0,0.054
2.49,500.84975551020403,0.0,0.054
2.491,500.84975551020403,0.0,0.056
2.492,500.84975551020403,0.0,0.058
2.493,500.84975551020403,0.0,0.061
2.494,500.84975551020403,0.0,0.066
2.495,500.84975551020403,0.0,0.07
2.496,500.84975551020403,0.0,0.072
2.497,500.84975551020403,0.0,0.076
2.498,500.84975551020403,0.0,0.081
2.499,500.84975551020403,0.0,0.081
2.5,500.84975551020403,0.0,0.081
2.501,500.84975551020403,0.0,0.084
2.502,500.84975551020403,0.0,0.085
2.503,500.84975551020403,0.0,0.086
2.504,500.84975551020403,0.0,0.089
2.505,500.84975551020403,0.0,0.092
2.506,500.84975551020403,0.0,0.092
2.507,500.84975551020403,0.0,0.096
2.508,500.84975551020403,0.0,0.097
2.509,500.84975551020403,0.0,0.094
2.51,500.84975551020403,0.0,0.094
2.511,500.84975551020403,0.0,0.097
2.512,500.84975551020403,0.0,0.097
2.513,500.84975551020403,0.0,0.098
2.514,500.84975551020403,0.0,0.099
2.515,500.84975551020403,0.0,0.097
2.516,500.84975551020403,0.0,0.097
2.517,500.84975551020403,0.0,0.099
2.518,500.84975551020403,0.0,0.097
2.519,500.84975551020403,0.0,0.097
2.52,500.84975551020403,0.0,0.1
2.521,500.84975551020403,0.0,0.1
2.522,500.84975551020403,0.0,0.098
2.523,500.84975551020403,0.0,0.096
2.524,500.84975551020403,0.0,0.091
2.525,500.84975551020403,0.0,0.087
2.526,500.84975551020403,0.0,0.082
2.527,500.84975551020403,0.0,0.076
2.528,500.84975551020403,0.0,0.072
2.529,500.84975551020403,0.0,0.068
2.53,500.84975551020403,0.0,0.061
2.531,500.84975551020403,0.0,0.058
2.532,500.84975551020403,0.0,0.054
2.533,500.84975551020403,0.0,0.05
2.534,500.84975551020403,0.0,0.047
2.535,500.84975551020403,0.0,0.045
2.536,500.84975551020403,0.0,0.04
2.537,334.2818192857143,0.0,0.039
2.538,334.2818192857143,0.0,0.039
2.539,334.2818192857143,0.0,0.036
2.54,334.2818192857143,0.0,0.036
2.541,334.2818192857143,0.0,0.036
2.542,334.2818192857143,0.0,0.035
2.543,334.2818192857143,0.0,0.034
2.544,334.2818192857143,0.0,0.033
2.545,334.2818192857143,0.0,0.032
2.546,334.2818192857143,0.0,0.032
2.547,334.2818192857143,0.0,0.033
2.548,334.2818192857143,0.0,0.033
2.549,334.2818192857143,0.0,0.032
2.55,334.2818192857143,0.0,0.034
2.551,334.2818192857143,0.0,0.035
2.552,334.2818192857143,0.0,0.035
2.553,334.2818192857143,0.0,0.037
2.554,334.2818192857143,0.0,0.037
2.555,334.2818192857143,0.0,0.038
2.556,334.2818192857143,0.0,0.042
2.557,334.2818192857143,0.0,0.043
2.558,334.2818192857143,0.0,0.043
2.559,334.2818192857143,0.0,0.046
2.56,334.2818192857143,0.0,0.045
2.561,334.2818192857143,0.0,0.046
2.562,334.2818192857143,0.0,0.049
2.563,334.2818192857143,0.0,0.047
2.564,334.2818192857143,0.0,0.048
2.565,334.2818192857143,0.0,0.05
2.566,334.2818192857143,0.0,0.047
2.567,334.2818192857143,0.0,0.047
2.568,334.2818192857143,0.0,0.048
2.569,334.2818192857143,0.0,0.045
2.57,334.2818192857143,0.0,0.045
2.571,334.2818192857143,0.0,0.045
2.572,334.2818192857143,0.0,0.041
2.573,334.2818192857143,0.0,0.041
2.574,334.2818192857143,0.0,0.041
2.575,334.2818192857143,0.0,0.039
2.576,334.2818192857143,0.0,0.041
2.577,334.2818192857143,0.0,0.041
2.578,334.2818192857143,0.0,0.04
2.579,334.2818192857143,0.0,0.042
2.58,334.2818192857143,0.0,0.043
2.581,334.2818192857143,0.0,0.042
2.582,334.2818192857143,0.0,0.045
2.583,334.2818192857143,0.0,0.047
2.584,334.2818192857143,0.0,0.046
2.585,334.2818192857143,0.0,0.05
2.586,334.2818192857143,0.0,0.052
2.587,334.2818192857143,0.0,0.052
2.588,334.2818192857143,0.0,0.054
2.589,334.2818192857143,0.0,0.053
2.59,334.2818192857143,0.0,0.052
2.591,334.2818192857143,0.0,0.055
2.592,334.2818192857143,0.0,0.055
2.593,334.2818192857143,0.0,0.051
2.594,334.2818192857143,0.0,0.05
2.595,334.2818192857143,0.0,0.047
2.596,334.2818192857143,0.0,0.043
2.597,334.2818192857143,0.0,0.042
2.598,334.2818192857143,0.0,0.04
2.599,334.2818192857143,0.0,0.035
2.6,334.2818192857143,0.0,0.034
2.601,334.2818192857143,0.0,0.032
2.602,334.2818192857143,0.0,0.028
2.603,334.2818192857143,0.0,0.028
2.604,334.2818192857143,0.0,0.027
2.605,334.2818192857143,0.0,0.024
2.606,334.2818192857143,0.0,0.023
2.607,334.2818192857143,0.0,0.022
2.608,334.2818192857143,0.0,0.019
2.609,334.2818192857143,0.0,0.019
2.61,334.2818192857143,0.0,0.018
2.611,334.2818192857143,0.0,0.017
2.612,334.2818192857143,0.0,0.019
2.613,334.2818192857143,0.0,0.026
2.614,334.2818192857143,0.0,0.028
2.615,334.2818192857143,0.0,0.032
2.616,334.2818192857143,0.0,0.043
2.617,334.2818192857143,0.0,0.046
2.618,334.2818192857143,0.0,0.048
2.619,334.2818192857143,0.0,0.057
2.62,334.2818192857143,0.0,0.059
2.621,334.2818192857143,0.0,0.059
2.622,334.2818192857143,0.0,0.068
2.623,334.2818192857143,0.0,0.068
2.624,334.2818192857143,0.0,0.065
2.625,334.2818192857143,0.0,0.072
2.626,334.2818192857143,0.0,0.071
2.627,334.2818192857143,0.0,0.066
2.628,334.2818192857143,0.0,0.074
2.629,334.2818192857143,0.0,0.073
2.63,334.2818192857143,0.0,0.07
2.631,334.2818192857143,0.0,0.078
2.632,334.2818192857143,0.0,0.072
2.633,334.2818192857143,0.0,0.067
2.634,334.2818192857143,0.0,0.077
2.635,334.2818192857143,0.0,0.078
2.636,334.2818192857143,0.0,0.075
2.637,334.2818192857143,0.0,0.082
2.638,334.2818192857143,0.0,0.079
2.639,334.2818192857143,0.0,0.076
2.64,334.2818192857143,0.0,0.083
2.641,334.2818192857143,0.0,0.086
2.642,334.2818192857143,0.0,0.082
2.643,334.2818192857143,0.0,0.086
2.644,334.2818192857143,0.0,0.088
2.645,334.2818192857143,0.0,0.085
2.646,334.2818192857143,0.0,0.089
2.647,334.2818192857143,0.0,0.096
2.648,334.2818192857143,0.0,0.095
2.649,334.2818192857143,0.0,0.096
2.65,334.2818192857143,0.0,0.103
2.651,334.2818192857143,0.0,0.093
2.652,334.2818192857143,0.0,0.087
2.653,334.2818192857143,0.0,0.095
2.654,334.2818192857143,0.0,0.09
2.655,334.2818192857143,0.0,0.085
2.656,334.2818192857143,0.0,0.089
2.657,334.2818192857143,0.0,0.078
2.658,334.2818192857143,0.0,0.073
2.659,334.2818192857143,0.0,0.079
2.66,334.2818192857143,0.0,0.074
2.661,334.2818192857143,0.0,0.072
2.662,334.2818192857143,0.0,0.077
2.663,334.2818192857143,0.0,0.073
2.664,334.2818192857143,0.0,0.071
2.665,334.2818192857143,0.0,0.08
2.666,334.2818192857143,0.0,0.077
2.667,334.2818192857143,0.0,0.072
2.668,334.2818192857143,0.0,0.081
2.669,334.2818192857143,0.0,0.08
2.67,334.2818192857143,0.0,0.076
2.671,334.2818192857143,0.0,0.083
2.672,334.2818192857143,0.0,0.084
2.673,334.2818192857143,0.0,0.082
2.674,334.2818192857143,0.0,0.087
2.675,334.2818192857143,0.0,0.085
2.676,334.2818192857143,0.0,0.082
2.677,334.2818192857143,0.0,0.087
2.678,334.2818192857143,0.0,0.085
2.679,334.2818192857143,0.0,0.082
2.68,334.2818192857143,0.0,0.087
2.681,334.2818192857143,0.0,0.085
2.682,334.2818192857143,0.0,0.08
2.683,334.2818192857143,0.0,0.081
2.684,334.2818192857143,0.0,0.076
2.685,334.2818192857143,0.0,0.073
2.686,334.2818192857143,0.0,0.075
2.687,334.2818192857143,0.0,0.072
2.688,334.2818192857143,0.0,0.069
2.689,334.2818192857143,0.0,0.068
2.69,334.2818192857143,0.0,0.064
2.691,334.2818192857143,0.0,0.062
2.692,334.2818192857143,0.0,0.065
2.693,334.2818192857143,0.0,0.063
2.694,334.2818192857143,0.0,0.059
2.695,334.2818192857143,0.0,0.058
2.696,334.2818192857143,0.0,0.056
2.697,334.2818192857143,0.0,0.056
2.698,334.2818192857143,0.0,0.052
2.699,334.2818192857143,0.0,0.049
2.7,334.2818192857143,0.0,0.049
2.701,334.2818192857143,0.0,0.044
2.702,334.2818192857143,0.0,0.04
2.703,334.2818192857143,0.0,0.037
2.704,334.2818192857143,0.0,0.031
2.705,334.2818192857143,0.0,0.026
2.706,334.2818192857143,0.0,0.029
2.707,334.2818192857143,0.0,0.027
2.708,334.2818192857143,0.0,0.025
2.709,334.2818192857143,0.0,0.03
2.71,334.2818192857143,0.0,0.032
2.711,334.2818192857143,0.0,0.03
2.712,334.2818192857143,0.0,0.035
2.713,334.2818192857143,0.0,0.034
2.714,334.2818192857143,0.0,0.033
2.715,334.2818192857143,0.0,0.039
2.716,334.2818192857143,0.0,0.041
2.717,334.2818192857143,0.0,0.038
2.718,334.2818192857143,0.0,0.041
2.719,334.2818192857143,0.0,0.045
2.72,334.2818192857143,0.0,0.042
2.721,334.2818192857143,0.0,0.044
2.722,334.2818192857143,0.0,0.046
2.723,334.2818192857143,0.0,0.043
2.724,334.2818192857143,0.0,0.046
2.725,334.2818192857143,0.0,0.047
2.726,334.2818192857143,0.0,0.043
2.727,334.2818192857143,0.0,0.043
2.728,334.2818192857143,0.0,0.043
2.729,334.2818192857143,0.0,0.042
2.73,334.2818192857143,0.0,0.047
2.731,334.2818192857143,0.0,0.048
2.732,334.2818192857143,0.0,0.044
2.733,334.2818192857143,0.0,0.047
2.734,334.2818192857143,0.0,0.046
2.735,334.2818192857143,0.0,0.042
2.736,334.2818192857143,0.0,0.046
2.737,334.2818192857143,0.0,0.043
2.738,334.2818192857143,0.0,0.039
2.739,334.2818192857143,0.0,0.04
2.74,334.2818192857143,0.0,0.037
2.741,334.2818192857143,0.0,0.035
2.742,334.2818192857143,0.0,0.038
2.743,334.2818192857143,0.0,0.036
2.744,334.2818192857143,0.0,0.031
2.745,334.2818192857143,0.0,0.033
2.746,334.2818192857143,0.0,0.035
2.747,334.2818192857143,0.0,0.033
2.748,334.2818192857143,0.0,0.031
2.749,334.2818192857143,0.0,0.03
2.75,334.2818192857143,0.0,0.03
2.751,334.2818192857143,0.0,0.03
2.752,334.2818192857143,0.0,0.026
2.753,334.2818192857143,0.0,0.023
2.754,334.2818192857143,0.0,0.024
2.755,334.2818192857143,0.0,0.025
2.756,334.2818192857143,0.0,0.023
2.757,334.2818192857143,0.0,0.021
2.758,334.2818192857143,0.0,0.021
2.759,334.2818192857143,0.0,0.022
2.76,334.2818192857143,0.0,0.022
2.761,334.2818192857143,0.0,0.021
2.762,334.2818192857143,0.0,0.02
2.763,334.2818192857143,0.0,0.019
2.764,334.2818192857143,0.0,0.02
2.765,334.2818192857143,0.0,0.02
2.766,334.2818192857143,0.0,0.019
2.767,334.2818192857143,0.0,0.018
2.768,334.2818192857143,0.0,0.018
2.769,334.2818192857143,0.0,0.018
2.77,334.2818192857143,0.0,0.019
2.771,334.2818192857143,0.0,0.019
2.772,334.2818192857143,0.0,0.02
2.773,334.2818192857143,0.0,0.023
2.774,334.2818192857143,0.0,0.025
2.775,334.2818192857143,0.0,0.024
2.776,334.2818192857143,0.0,0.027
2.777,334.2818192857143,0.0,0.03
2.778,334.2818192857143,0.0,0.032
2.779,334.2818192857143,0.0,0.034
2.78,334.2818192857143,0.0,0.034
2.781,397.532,0.0,0.037
2.782,397.532,0.0,0.036
2.783,397.532,0.0,0.034
2.784,397.532,0.0,0.035
2.785,397.532,0.0,0.032
2.786,397.532,0.0,0.032
2.787,397.532,0.0,0.027
2.788,397.532,0.0,0.02
2.789,397.532,0.0,0.02
2.79,397.532,0.0,0.015
2.791,397.532,0.0,0.012
2.792,397.532,0.0,0.01
2.793,397.532,0.0,0.006
2.794,397.532,0.0,0.007
2.795,397.532,0.0,0.005
2.796,397.532,0.0,0.007
2.797,397.532,0.0,0.007
2.798,397.532,0.0,0.009
2.799,397.532,0.0,0.009
2.8,397.532,0.0,0.01
2.801,397.532,0.0,0.012
2.802,397.532,0.0,0.011
2.803,397.532,0.0,0.014
2.804,397.532,0.0,0.013
2.805,397.532,0.0,0.014
2.806,397.532,0.0,0.016
2.807,397.532,0.0,0.012
2.808,397.532,0.0,0.018
2.809,397.532,0.0,0.016
2.81,397.532,0.0,0.016
2.811,397.532,0.0,0.023
2.812,397.532,0.0,0.021
2.813,397.532,0.0,0.028
2.814,397.532,0.0,0.027
2.815,397.532,0.0,0.025
2.816,397.532,0.0,0.033
2.817,397.532,0.0,0.027
2.818,397.532,0.0,0.036
2.819,397.532,0.0,0.032
2.82,397.532,0.0,0.025
2.821,397.532,0.0,0.033
2.822,397.532,0.0,0.023
2.823,397.532,0.0,0.026
2.824,397.532,0.0,0.024
2.825,397.532,0.0,0.016
2.826,397.532,0.0,0.022
2.827,397.532,0.0,0.014
2.828,397.532,0.0,0.015
2.829,397.532,0.0,0.014
2.83,397.532,0.0,0.01
2.831,397.532,0.0,0.014
2.832,397.532,0.0,0.008
2.833,397.532,0.0,0.009
2.834,397.532,0.0,0.009
2.835,397.532,0.0,0.007
2.836,397.532,0.0,0.01
2.837,397.532,0.0,0.007
2.838,397.532,0.0,0.008
2.839,397.532,0.0,0.009
2.84,397.532,0.0,0.007
2.841,397.532,0.0,0.011
2.842,397.532,0.0,0.008
2.843,397.532,0.0,0.01
2.844,397.532,0.0,0.012
2.845,397.532,0.0,0.009
2.846,397.532,0.0,0.015
2.847,397.532,0.0,0.01
2.848,397.532,0.0,0.012
2.849,397.532,0.0,0.016
2.85,397.532,0.0,0.012
2.851,397.532,0.0,0.018
2.852,397.532,0.0,0.015
2.853,397.532,0.0,0.016
2.854,397.532,0.0,0.021
2.855,397.532,0.0,0.018
2.856,397.532,0.0,0.028
2.857,397.532,0.0,0.024
2.858,397.532,0.0,0.026
2.859,397.532,0.0,0.036
2.86,397.532,0.0,0.031
2.861,397.532,0.0,0.041
2.862,397.532,0.0,0.037
2.863,397.532,0.0,0.039
2.864,397.532,0.0,0.048
2.865,397.532,0.0,0.036
2.866,397.532,0.0,0.046
2.867,397.532,0.0,0.044
2.868,397.532,0.0,0.042
2.869,397.532,0.0,0.049
2.87,397.532,0.0,0.035
2.871,397.532,0.0,0.043
2.872,397.532,0.0,0.041
2.873,397.532,0.0,0.036
2.874,397.532,0.0,0.044
2.875,397.532,0.0,0.034
2.876,397.532,0.0,0.037
2.877,397.532,0.0,0.034
2.878,397.532,0.0,0.03
2.879,397.532,0.0,0.037
2.88,397.532,0.0,0.028
2.881,397.532,0.0,0.034
2.882,397.532,0.0,0.03
2.883,397.532,0.0,0.025
2.884,397.532,0.0,0.035
2.885,397.532,0.0,0.025
2.886,397.532,0.0,0.03
2.887,397.532,0.0,0.033
2.888,397.532,0.0,0.026
2.889,397.532,0.0,0.033
2.89,397.532,0.0,0.027
2.891,397.532,0.0,0.027
2.892,397.532,0.0,0.025
2.893,397.532,0.0,0.022
2.894,397.532,0.0,0.028
2.895,397.532,0.0,0.025
2.896,397.532,0.0,0.028
2.897,397.532,0.0,0.031
2.898,397.532,0.0,0.028
2.899,397.532,0.0,0.034
2.9,397.532,0.0,0.029
2.901,397.532,0.0,0.029
2.902,397.532,0.0,0.036
2.903,397.532,0.0,0.03
2.904,397.532,0.0,0.032
2.905,397.532,0.0,0.028
2.906,397.532,0.0,0.027
2.907,397.532,0.0,0.03
2.908,397.532,0.0,0.023
2.909,397.532,0.0,0.027
2.91,397.532,0.0,0.026
2.911,397.532,0.0,0.023
2.912,397.532,0.0,0.026
2.913,397.532,0.0,0.02
2.914,397.532,0.0,0.024
2.915,397.532,0.0,0.022
2.916,397.532,0.0,0.023
2.917,397.532,0.0,0.027
2.918,397.532,0.0,0.019
2.919,397.532,0.0,0.023
2.92,397.532,0.0,0.022
2.921,397.532,0.0,0.019
2.922,397.532,0.0,0.023
2.923,397.532,0.0,0.019
2.924,397.532,0.0,0.023
2.925,397.532,0.0,0.022
2.926,397.532,0.0,0.017
2.927,397.532,0.0,0.02
2.928,397.532,0.0,0.016
2.929,397.532,0.0,0.017
2.93,397.532,0.0,0.016
2.931,397.532,0.0,0.015
2.932,397.532,0.0,0.017
2.933,397.532,0.0,0.011
2.934,397.532,0.0,0.011
2.935,397.532,0.0,0.011
2.936,397.532,0.0,0.008
2.937,397.532,0.0,0.009
2.938,397.532,0.0,0.007
2.939,397.532,0.0,0.006
2.94,397.532,0.0,0.007
2.941,397.532,0.0,0.004
2.942,397.532,0.0,0.004
2.943,397.532,0.0,0.004
2.944,397.532,0.0,0.004
2.945,397.532,0.0,0.004
2.946,397.532,0.0,0.003
2.947,397.532,0.0,0.003
2.948,397.532,0.0,0.003
2.949,397.532,0.0,0.004
2.95,397.532,0.0,0.005
2.951,397.532,0.0,0.005
2.952,397.532,0.0,0.005
2.953,397.532,0.0,0.005
2.954,397.532,0.0,0.006
2.955,397.532,0.0,0.006
2.956,397.532,0.0,0.005
2.957,397.532,0.0,0.006
2.958,500.84975551020403,0.0,0.006
2.959,500.84975551020403,0.0,0.007
2.96,500.84975551020403,0.0,0.009
2.961,500.84975551020403,0.0,0.009
2.962,500.84975551020403,0.0,0.009
2.963,500.84975551020403,0.0,0.009
2.964,500.84975551020403,0.0,0.01
2.965,500.84975551020403,0.0,0.013
2.966,500.84975551020403,0.0,0.012
2.967,500.84975551020403,0.0,0.011
2.968,500.84975551020403,0.0,0.013
2.969,500.84975551020403,0.0,0.014
2.97,500.84975551020403,0.0,0.014
2.971,500.84975551020403,0.0,0.013
2.972,500.84975551020403,0.0,0.014
2.973,500.84975551020403,0.0,0.015
2.974,500.84975551020403,0.0,0.015
2.975,500.84975551020403,0.0,0.014
2.976,500.84975551020403,0.0,0.016
2.977,500.84975551020403,0.0,0.018
2.978,500.84975551020403,0.0,0.017
2.979,500.84975551020403,0.0,0.018
2.98,500.84975551020403,0.0,0.02
2.981,500.84975551020403,0.0,0.02
2.982,500.84975551020403,0.0,0.02
2.983,500.84975551020403,0.0,0.022
2.984,500.84975551020403,0.0,0.022
2.985,500.84975551020403,0.0,0.022
2.986,500.84975551020403,0.0,0.021
2.987,500.84975551020403,0.0,0.021
2.988,500.84975551020403,0.0,0.022
2.989,500.84975551020403,0.0,0.021
2.99,500.84975551020403,0.0,0.02
2.991,500.84975551020403,0.0,0.02
2.992,500.84975551020403,0.0,0.02
2.993,500.84975551020403,0.0,0.021
2.994,500.84975551020403,0.0,0.023
2.995,500.84975551020403,0.0,0.023
2.996,500.84975551020403,0.0,0.023
2.997,500.84975551020403,0.0,0.025
2.998,500.84975551020403,0.0,0.024
2.999,500.84975551020403,0.0,0.026
3.0,500.84975551020403,0.0,0.026
3.001,500.84975551020403,0.0,0.025
3.002,500.84975551020403,0.0,0.026
3.003,500.84975551020403,0.0,0.026
3.004,500.84975551020403,0.0,0.026
3.005,500.84975551020403,0.0,0.029
3.006,500.84975551020403,0.0,0.031
3.007,500.84975551020403,0.0,0.034
3.008,500.84975551020403,0.0,0.036
3.009,500.84975551020403,0.0,0.039
3.01,500.84975551020403,0.0,0.042
3.011,500.84975551020403,0.0,0.044
3.012,500.84975551020403,0.0,0.049
3.013,500.84975551020403,0.0,0.046
3.014,500.84975551020403,0.0,0.045
3.015,500.84975551020403,0.0,0.046
3.016,500.84975551020403,0.0,0.047
3.017,500.84975551020403,0.0,0.046
3.018,500.84975551020403,0.0,0.043
3.019,500.84975551020403,0.0,0.043
3.02,500.84975551020403,0.0,0.043
3.021,500.84975551020403,0.0,0.038
3.022,500.84975551020403,0.0,0.035
3.023,500.84975551020403,0.0,0.034
3.024,500.84975551020403,0.0,0.033
3.025,500.84975551020403,0.0,0.031
3.026,500.84975551020403,0.0,0.029
3.027,500.84975551020403,0.0,0.029
3.028,500.84975551020403,0.0,0.029
3.029,500.84975551020403,0.0,0.028
3.03,500.84975551020403,0.0,0.026
3.031,500.84975551020403,0.0,0.026
3.032,500.84975551020403,0.0,0.027
3.033,500.84975551020403,0.0,0.027
3.034,500.84975551020403,0.0,0.026
3.035,500.84975551020403,0.0,0.028
3.036,500.84975551020403,0.0,0.031
3.037,500.84975551020403,0.0,0.032
3.038,500.84975551020403,0.0,0.031
3.039,500.84975551020403,0.0,0.032
3.04,500.84975551020403,0.0,0.035
3.041,500.84975551020403,0.0,0.036
3.042,500.84975551020403,0.0,0.037
3.043,500.84975551020403,0.0,0.039
3.044,500.84975551020403,0.0,0.041
3.045,500.84975551020403,0.0,0.044
3.046,500.84975551020403,0.0,0.046
3.047,500.84975551020403,0.0,0.05
3.048,500.84975551020403,0.0,0.052
3.049,500.84975551020403,0.0,0.054
3.05,500.84975551020403,0.0,0.058
3.051,500.84975551020403,0.0,0.058
3.052,500.84975551020403,0.0,0.061
3.053,500.84975551020403,0.0,0.064
3.054,500.84975551020403,0.0,0.068
3.055,500.84975551020403,0.0,0.069
3.056,500.84975551020403,0.0,0.069
3.057,500.84975551020403,0.0,0.07
3.058,500.84975551020403,0.0,0.065
3.059,500.84975551020403,0.0,0.061
3.06,500.84975551020403,0.0,0.058
3.061,500.84975551020403,0.0,0.056
3.062,500.84975551020403,0.0,0.057
3.063,500.84975551020403,0.0,0.056
3.064,500.84975551020403,0.0,0.054
3.065,500.84975551020403,0.0,0.051
3.066,500.84975551020403,0.0,0.046
3.067,500.84975551020403,0.0,0.043
3.068,500.84975551020403,0.0,0.038
3.069,500.84975551020403,0.0,0.034
3.07,500.84975551020403,0.0,0.033
3.071,500.84975551020403,0.0,0.031
3.072,500.84975551020403,0.0,0.028
3.073,500.84975551020403,0.0,0.026
3.074,500.84975551020403,0.0,0.025
3.075,500.84975551020403,0.0,0.023
3.076,500.84975551020403,0.0,0.019
3.077,500.84975551020403,0.0,0.018
3.078,500.84975551020403,0.0,0.017
3.079,530.6342321428571,0.0,0.016
3.08,530.6342321428571,0.0,0.016
3.081,530.6342321428571,0.0,0.016
3.082,530.6342321428571,0.0,0.015
3.083,530.6342321428571,0.0,0.015
3.084,530.6342321428571,0.0,0.014
3.085,530.6342321428571,0.0,0.013
3.086,530.6342321428571,0.0,0.013
3.087,530.6342321428571,0.0,0.013
3.088,530.6342321428571,0.0,0.012
3.089,530.6342321428571,0.0,0.012
3.09,530.6342321428571,0.0,0.011
3.091,530.6342321428571,0.0,0.012
3.092,530.6342321428571,0.0,0.012
3.093,530.6342321428571,0.0,0.012
3.094,530.6342321428571,0.0,0.012
3.095,530.6342321428571,0.0,0.013
3.096,530.6342321428571,0.0,0.013
3.097,530.6342321428571,0.0,0.012
3.098,530.6342321428571,0.0,0.011
3.099,530.6342321428571,0.0,0.011
3.1,530.6342321428571,0.0,0.01
3.101,530.6342321428571,0.0,0.009
3.102,530.6342321428571,0.0,0.009
3.103,530.6342321428571,0.0,0.008
3.104,530.6342321428571,0.0,0.008
3.105,530.6342321428571,0.0,0.007
3.106,530.6342321428571,0.0,0.007
3.107,530.6342321428571,0.0,0.006
3.108,530.6342321428571,0.0,0.006
3.109,530.6342321428571,0.0,0.006
3.11,530.6342321428571,0.0,0.006
3.111,530.6342321428571,0.0,0.006
3.112,530.6342321428571,0.0,0.006
3.113,530.6342321428571,0.0,0.005
3.114,530.6342321428571,0.0,0.005
3.115,530.6342321428571,0.0,0.005
3.116,530.6342321428571,0.0,0.004
3.117,530.6342321428571,0.0,0.004
3.118,530.6342321428571,0.0,0.004
3.119,530.6342321428571,0.0,0.004
3.12,530.6342321428571,0.0,0.004
3.121,530.6342321428571,0.0,0.004
3.122,530.6342321428571,0.0,0.004
3.123,530.6342321428571,0.0,0.005
3.124,530.6342321428571,0.0,0.005
3.125,530.6342321428571,0.0,0.005
3.126,530.6342321428571,0.0,0.005
3.127,530.6342321428571,0.0,0.005
3.128,530.6342321428571,0.0,0.006
3.129,530.6342321428571,0.0,0.006
3.13,530.6342321428571,0.0,0.006
3.131,530.6342321428571,0.0,0.005
3.132,530.6342321428571,0.0,0.005
3.133,530.6342321428571,0.0,0.005
3.134,530.6342321428571,0.0,0.005
3.135,530.6342321428571,0.0,0.005
3.136,530.6342321428571,0.0,0.004
3.137,530.6342321428571,0.0,0.004
3.138,530.6342321428571,0.0,0.004
3.139,530.6342321428571,0.0,0.004
3.14,530.6342321428571,0.0,0.003
3.141,530.6342321428571,0.0,0.003
3.142,530.6342321428571,0.0,0.003
3.143,530.6342321428571,0.0,0.002
3.144,530.6342321428571,0.0,0.002
3.145,530.6342321428571,0.0,0.002
3.146,530.6342321428571,0.0,0.002
3.147,530.6342321428571,0.0,0.002
3.148,530.6342321428571,0.0,0.002
3.149,530.6342321428571,0.0,0.001
3.15,530.6342321428571,0.0,0.001
3.151,530.6342321428571,0.0,0.001
3.152,530.6342321428571,0.0,0.001
3.153,530.6342321428571,0.0,0.001
3.154,530.6342321428571,0.0,0.001
3.155,530.6342321428571,0.0,0.001
3.156,530.6342321428571,0.0,0.001
3.157,530.6342321428571,0.0,0.002
3.158,530.6342321428571,0.0,0.002
3.159,530.6342321428571,0.0,0.002
3.16,530.6342321428571,0.0,0.002
3.161,530.6342321428571,0.0,0.002
3.162,530.6342321428571,0.0,0.002
3.163,530.6342321428571,0.0,0.002
3.164,530.6342321428571,0.0,0.003
3.165,530.6342321428571,0.0,0.003
3.166,530.6342321428571,0.0,0.003
3.167,530.6342321428571,0.0,0.004
3.168,530.6342321428571,0.0,0.004
3.169,530.6342321428571,0.0,0.004
3.17,530.6342321428571,0.0,0.005
3.171,530.6342321428571,0.0,0.005
3.172,530.6342321428571,0.0,0.006
3.173,530.6342321428571,0.0,0.007
3.174,530.6342321428571,0.0,0.008
3.175,530.6342321428571,0.0,0.008
3.176,530.6342321428571,0.0,0.009
3.177,530.6342321428571,0.0,0.01
3.178,530.6342321428571,0.0,0.01
3.179,530.6342321428571,0.0,0.01
3.18,530.6342321428571,0.0,0.011
3.181,530.6342321428571,0.0,0.011
3.182,530.6342321428571,0.0,0.012
3.183,530.6342321428571,0.0,0.012
3.184,530.6342321428571,0.0,0.012
3.185,530.6342321428571,0.0,0.011
3.186,530.6342321428571,0.0,0.011
3.187,530.6342321428571,0.0,0.011
3.188,530.6342321428571,0.0,0.01
3.189,530.6342321428571,0.0,0.011
3.19,530.6342321428571,0.0,0.011
3.191,530.6342321428571,0.0,0.01
3.192,530.6342321428571,0.0,0.011
3.193,530.6342321428571,0.0,0.011
3.194,530.6342321428571,0.0,0.01
3.195,530.6342321428571,0.0,0.01
3.196,530.6342321428571,0.0,0.01
3.197,530.6342321428571,0.0,0.01
3.198,530.6342321428571,0.0,0.009
3.199,530.6342321428571,0.0,0.01
3.2,530.6342321428571,0.0,0.01
3.201,530.6342321428571,0.0,0.01
3.202,530.6342321428571,0.0,0.011
3.203,530.6342321428571,0.0,0.011
3.204,530.6342321428571,0.0,0.01
3.205,530.6342321428571,0.0,0.01
3.206,530.6342321428571,0.0,0.011
3.207,530.6342321428571,0.0,0.011
3.208,530.6342321428571,0.0,0.011
3.209,530.6342321428571,0.0,0.012
3.21,530.6342321428571,0.0,0.012
3.211,530.6342321428571,0.0,0.013
3.212,530.6342321428571,0.0,0.013
3.213,530.6342321428571,0.0,0.014
3.214,530.6342321428571,0.0,0.014
3.215,530.6342321428571,0.0,0.014
3.216,530.6342321428571,0.0,0.014
3.217,530.6342321428571,0.0,0.014
3.218,530.6342321428571,0.0,0.015
3.219,530.6342321428571,0.0,0.016
3.22,530.6342321428571,0.0,0.015
3.221,530.6342321428571,0.0,0.015
3.222,530.6342321428571,0.0,0.015
3.223,315.520742755102,0.0,0.014
3.224,315.520742755102,0.0,0.014
3.225,315.520742755102,0.0,0.014
3.226,315.520742755102,0.0,0.015
3.227,315.520742755102,0.0,0.014
3.228,315.520742755102,0.0,0.016
3.229,315.520742755102,0.0,0.016
3.23,315.520742755102,0.0,0.016
3.231,315.520742755102,0.0,0.016
3.232,315.520742755102,0.0,0.018
3.233,315.520742755102,0.0,0.019
3.234,315.520742755102,0.0,0.021
3.235,315.520742755102,0.0,0.022
3.236,315.520742755102,0.0,0.021
3.237,315.520742755102,0.0,0.022
3.238,315.520742755102,0.0,0.022
3.239,315.520742755102,0.0,0.019
3.24,315.520742755102,0.0,0.018
3.241,315.520742755102,0.0,0.016
3.242,315.520742755102,0.0,0.015
3.243,315.520742755102,0.0,0.014
3.244,315.520742755102,0.0,0.013
3.245,315.520742755102,0.0,0.012
3.246,315.520742755102,0.0,0.01
3.247,315.520742755102,0.0,0.009
3.248,315.520742755102,0.0,0.007
3.249,315.520742755102,0.0,0.006
3.25,315.520742755102,0.0,0.005
3.251,315.520742755102,0.0,0.004
3.252,315.520742755102,0.0,0.003
3.253,315.520742755102,0.0,0.002
3.254,315.520742755102,0.0,0.002
3.255,315.520742755102,0.0,0.001
3.256,315.520742755102,0.0,0.001
3.257,315.520742755102,0.0,0.001
3.258,315.520742755102,0.0,0.001
3.259,315.520742755102,0.0,0.001
3.26,315.520742755102,0.0,0.001
3.261,315.520742755102,0.0,0.001
3.262,315.520742755102,0.0,0.001
3.263,315.520742755102,0.0,0.001
3.264,315.520742755102,0.0,0.001
3.265,315.520742755102,0.0,0.001
3.266,315.520742755102,0.0,0.001
3.267,315.520742755102,0.0,0.001
3.268,315.520742755102,0.0,0.001
3.269,315.520742755102,0.0,0.002
3.27,315.520742755102,0.0,0.002
3.271,315.520742755102,0.0,0.002
3.272,315.520742755102,0.0,0.002
3.273,315.520742755102,0.0,0.003
3.274,315.520742755102,0.0,0.003
3.275,315.520742755102,0.0,0.002
3.276,315.520742755102,0.0,0.002
3.277,315.520742755102,0.0,0.003
3.278,315.520742755102,0.0,0.003
3.279,315.520742755102,0.0,0.003
3.28,315.520742755102,0.0,0.003
3.281,315.520742755102,0.0,0.002
3.282,315.520742755102,0.0,0.003
3.283,315.520742755102,0.0,0.003
3.284,315.520742755102,0.0,0.002
3.285,315.520742755102,0.0,0.003
3.286,315.520742755102,0.0,0.003
3.287,315.520742755102,0.0,0.003
3.288,315.520742755102,0.0,0.003
3.289,315.520742755102,0.0,0.003
3.29,315.520742755102,0.0,0.003
3.291,315.520742755102,0.0,0.003
3.292,315.520742755102,0.0,0.003
3.293,315.520742755102,0.0,0.003
3.294,315.520742755102,0.0,0.003
3.295,315.520742755102,0.0,0.003
3.296,315.520742755102,0.0,0.003
3.297,315.520742755102,0.0,0.003
3.298,315.520742755102,0.0,0.004
3.299,315.520742755102,0.0,0.004
3.3,315.520742755102,0.0,0.004
3.301,315.520742755102,0.0,0.006
3.302,315.520742755102,0.0,0.005
3.303,315.520742755102,0.0,0.005
3.304,315.520742755102,0.0,0.007
3.305,315.520742755102,0.0,0.007
3.306,315.520742755102,0.0,0.007
3.307,315.520742755102,0.0,0.009
3.308,315.520742755102,0.0,0.01
3.309,315.520742755102,0.0,0.01
3.31,315.520742755102,0.0,0.011
3.311,315.520742755102,0.0,0.013
3.312,315.520742755102,0.0,0.012
3.313,315.520742755102,0.0,0.013
3.314,315.520742755102,0.0,0.018
3.315,315.520742755102,0.0,0.016
3.316,315.520742755102,0.0,0.018
3.317,315.520742755102,0.0,0.025
3.318,315.520742755102,0.0,0.024
3.319,315.520742755102,0.0,0.024
3.32,315.520742755102,0.0,0.028
3.321,315.520742755102,0.0,0.026
3.322,315.520742755102,0.0,0.026
3.323,315.520742755102,0.0,0.029
3.324,315.520742755102,0.0,0.031
3.325,315.520742755102,0.0,0.03
3.326,315.520742755102,0.0,0.036
3.327,315.520742755102,0.0,0.041
3.328,315.520742755102,0.0,0.032
3.329,315.520742755102,0.0,0.037
3.33,315.520742755102,0.0,0.046
3.331,315.520742755102,0.0,0.034
3.332,315.520742755102,0.0,0.039
3.333,315.520742755102,0.0,0.042
3.334,315.520742755102,0.0,0.032
3.335,315.520742755102,0.0,0.032
3.336,315.520742755102,0.0,0.031
3.337,315.520742755102,0.0,0.024
3.338,315.520742755102,0.0,0.021
3.339,315.520742755102,0.0,0.023
3.34,315.520742755102,0.0,0.02
3.341,315.520742755102,0.0,0.017
3.342,315.520742755102,0.0,0.016
3.343,315.520742755102,0.0,0.015
3.344,315.520742755102,0.0,0.01
3.345,315.520742755102,0.0,0.009
3.346,315.520742755102,0.0,0.01
3.347,315.520742755102,0.0,0.007
3.348,315.520742755102,0.0,0.006
3.349,315.520742755102,0.0,0.008
3.35,315.520742755102,0.0,0.006
3.351,315.520742755102,0.0,0.005
3.352,315.520742755102,0.0,0.007
3.353,315.520742755102,0.0,0.008
3.354,315.520742755102,0.0,0.009
3.355,315.520742755102,0.0,0.009
3.356,315.520742755102,0.0,0.01
3.357,315.520742755102,0.0,0.01
3.358,315.520742755102,0.0,0.009
3.359,315.520742755102,0.0,0.01
3.36,315.520742755102,0.0,0.009
3.361,315.520742755102,0.0,0.009
3.362,315.520742755102,0.0,0.009
3.363,315.520742755102,0.0,0.007
3.364,315.520742755102,0.0,0.008
3.365,315.520742755102,0.0,0.007
3.366,315.520742755102,0.0,0.006
3.367,315.520742755102,0.0,0.007
3.368,315.520742755102,0.0,0.006
3.369,315.520742755102,0.0,0.006
3.37,315.520742755102,0.0,0.006
3.371,315.520742755102,0.0,0.006
3.372,315.520742755102,0.0,0.007
3.373,315.520742755102,0.0,0.007
3.374,315.520742755102,0.0,0.008
3.375,315.520742755102,0.0,0.008
3.376,315.520742755102,0.0,0.009
3.377,315.520742755102,0.0,0.011
3.378,315.520742755102,0.0,0.011
3.379,315.520742755102,0.0,0.012
3.38,315.520742755102,0.0,0.014
3.381,315.520742755102,0.0,0.013
3.382,315.520742755102,0.0,0.013
3.383,315.520742755102,0.0,0.013
3.384,315.520742755102,0.0,0.012
3.385,315.520742755102,0.0,0.014
3.386,315.520742755102,0.0,0.014
3.387,315.520742755102,0.0,0.017
3.388,315.520742755102,0.0,0.021
3.389,315.520742755102,0.0,0.02
3.39,315.520742755102,0.0,0.023
3.391,315.520742755102,0.0,0.025
3.392,315.520742755102,0.0,0.024
3.393,315.520742755102,0.0,0.024
3.394,315.520742755102,0.0,0.027
3.395,315.520742755102,0.0,0.028
3.396,315.520742755102,0.0,0.026
3.397,315.520742755102,0.0,0.028
3.398,315.520742755102,0.0,0.029
3.399,315.520742755102,0.0,0.026
3.4,315.520742755102,0.0,0.027
3.401,315.520742755102,0.0,0.028
3.402,315.520742755102,0.0,0.028
3.403,315.520742755102,0.0,0.029
3.404,315.520742755102,0.0,0.03
3.405,315.520742755102,0.0,0.029
3.406,315.520742755102,0.0,0.028
3.407,315.520742755102,0.0,0.028
3.408,315.520742755102,0.0,0.026
3.409,315.520742755102,0.0,0.023
3.41,315.520742755102,0.0,0.021
3.411,530.6342321428571,0.0,0.02
3.412,530.6342321428571,0.0,0.018
3.413,530.6342321428571,0.0,0.016
3.414,530.6342321428571,0.0,0.015
3.415,530.6342321428571,0.0,0.014
3.416,530.6342321428571,0.0,0.012
3.417,530.6342321428571,0.0,0.012
3.418,530.6342321428571,0.0,0.011
3.419,530.6342321428571,0.0,0.011
3.42,530.6342321428571,0.0,0.012
3.421,530.6342321428571,0.0,0.012
3.422,530.6342321428571,0.0,0.011
3.423,530.6342321428571,0.0,0.012
3.424,530.6342321428571,0.0,0.012
3.425,530.6342321428571,0.0,0.011
3.426,530.6342321428571,0.0,0.01
3.427,530.6342321428571,0.0,0.01
3.428,530.6342321428571,0.0,0.01
3.429,530.6342321428571,0.0,0.009
3.43,530.6342321428571,0.0,0.009
3.431,530.6342321428571,0.0,0.008
3.432,530.6342321428571,0.0,0.007
3.433,530.6342321428571,0.0,0.007
3.434,530.6342321428571,0.0,0.006
3.435,530.6342321428571,0.0,0.005
3.436,530.6342321428571,0.0,0.005
3.437,530.6342321428571,0.0,0.005
3.438,530.6342321428571,0.0,0.005
3.439,530.6342321428571,0.0,0.004
3.44,530.6342321428571,0.0,0.004
3.441,530.6342321428571,0.0,0.004
3.442,530.6342321428571,0.0,0.004
3.443,530.6342321428571,0.0,0.004
3.444,530.6342321428571,0.0,0.004
3.445,530.6342321428571,0.0,0.004
3.446,530.6342321428571,0.0,0.004
3.447,530.6342321428571,0.0,0.004
3.448,530.6342321428571,0.0,0.004
3.449,530.6342321428571,0.0,0.005
3.45,530.6342321428571,0.0,0.005
3.451,530.6342321428571,0.0,0.005
3.452,530.6342321428571,0.0,0.005
3.453,530.6342321428571,0.0,0.005
3.454,530.6342321428571,0.0,0.006
3.455,530.6342321428571,0.0,0.006
3.456,530.6342321428571,0.0,0.006
3.457,530.6342321428571,0.0,0.006
3.458,530.6342321428571,0.0,0.006
3.459,530.6342321428571,0.0,0.006
3.46,530.6342321428571,0.0,0.006
3.461,530.6342321428571,0.0,0.005
3.462,530.6342321428571,0.0,0.005
3.463,530.6342321428571,0.0,0.005
3.464,530.6342321428571,0.0,0.004
3.465,530.6342321428571,0.0,0.004
3.466,530.6342321428571,0.0,0.004
3.467,530.6342321428571,0.0,0.004
3.468,530.6342321428571,0.0,0.003
3.469,530.6342321428571,0.0,0.003
3.47,530.6342321428571,0.0,0.003
3.471,530.6342321428571,0.0,0.003
3.472,530.6342321428571,0.0,0.003
3.473,530.6342321428571,0.0,0.003
3.474,530.6342321428571,0.0,0.004
3.475,530.6342321428571,0.0,0.004
3.476,530.6342321428571,0.0,0.004
3.477,530.6342321428571,0.0,0.004
3.478,530.6342321428571,0.0,0.004
3.479,530.6342321428571,0.0,0.004
3.48,530.6342321428571,0.0,0.004
3.481,530.6342321428571,0.0,0.004
3.482,530.6342321428571,0.0,0.004
3.483,530.6342321428571,0.0,0.004
3.484,530.6342321428571,0.0,0.004
3.485,530.6342321428571,0.0,0.003
3.486,530.6342321428571,0.0,0.003
3.487,530.6342321428571,0.0,0.003
3.488,530.6342321428571,0.0,0.003
3.489,530.6342321428571,0.0,0.003
3.49,530.6342321428571,0.0,0.003
3.491,530.6342321428571,0.0,0.003
3.492,530.6342321428571,0.0,0.003
3.493,530.6342321428571,0.0,0.003
3.494,530.6342321428571,0.0,0.003
3.495,530.6342321428571,0.0,0.003
3.496,530.6342321428571,0.0,0.003
3.497,530.6342321428571,0.0,0.003
3.498,530.6342321428571,0.0,0.003
3.499,530.6342321428571,0.0,0.003
3.5,530.6342321428571,0.0,0.003
3.501,530.6342321428571,0.0,0.003
3.502,530.6342321428571,0.0,0.003
3.503,530.6342321428571,0.0,0.003
3.504,530.6342321428571,0.0,0.003
3.505,530.6342321428571,0.0,0.003
3.506,530.6342321428571,0.0,0.003
3.507,530.6342321428571,0.0,0.004
3.508,530.6342321428571,0.0,0.004
3.509,530.6342321428571,0.0,0.005
3.51,530.6342321428571,0.0,0.005
3.511,530.6342321428571,0.0,0.006
3.512,530.6342321428571,0.0,0.006
3.513,530.6342321428571,0.0,0.006
3.514,530.6342321428571,0.0,0.007
3.515,530.6342321428571,0.0,0.008
3.516,530.6342321428571,0.0,0.009
3.517,530.6342321428571,0.0,0.009
3.518,530.6342321428571,0.0,0.009
3.519,530.6342321428571,0.0,0.008
3.52,530.6342321428571,0.0,0.008
3.521,530.6342321428571,0.0,0.008
3.522,530.6342321428571,0.0,0.007
3.523,530.6342321428571,0.0,0.007
3.524,530.6342321428571,0.0,0.006
3.525,530.6342321428571,0.0,0.006
3.526,530.6342321428571,0.0,0.006
3.527,530.6342321428571,0.0,0.005
3.528,530.6342321428571,0.0,0.005
3.529,530.6342321428571,0.0,0.005
3.53,530.6342321428571,0.0,0.006
3.531,530.6342321428571,0.0,0.006
3.532,530.6342321428571,0.0,0.006
3.533,530.6342321428571,0.0,0.007
3.534,530.6342321428571,0.0,0.008
3.535,530.6342321428571,0.0,0.009
3.536,530.6342321428571,0.0,0.009
3.537,530.6342321428571,0.0,0.01
3.538,530.6342321428571,0.0,0.011
3.539,530.6342321428571,0.0,0.012
3.54,530.6342321428571,0.0,0.012
3.541,530.6342321428571,0.0,0.012
3.542,530.6342321428571,0.0,0.012
3.543,530.6342321428571,0.0,0.012
3.544,530.6342321428571,0.0,0.012
3.545,530.6342321428571,0.0,0.011
3.546,530.6342321428571,0.0,0.01
3.547,530.6342321428571,0.0,0.01
3.548,530.6342321428571,0.0,0.01
3.549,530.6342321428571,0.0,0.009
3.55,530.6342321428571,0.0,0.009
3.551,530.6342321428571,0.0,0.009
3.552,530.6342321428571,0.0,0.008
3.553,530.6342321428571,0.0,0.008
3.554,530.6342321428571,0.0,0.008
3.555,530.6342321428571,0.0,0.008
3.556,530.6342321428571,0.0,0.007
3.557,530.6342321428571,0.0,0.007
3.558,530.6342321428571,0.0,0.007
3.559,530.6342321428571,0.0,0.006
3.56,530.6342321428571,0.0,0.007
3.561,530.6342321428571,0.0,0.007
3.562,530.6342321428571,0.0,0.007
3.563,530.6342321428571,0.0,0.007
3.564,530.6342321428571,0.0,0.007
3.565,530.6342321428571,0.0,0.007
3.566,530.6342321428571,0.0,0.008
3.567,530.6342321428571,0.0,0.008
3.568,530.6342321428571,0.0,0.008
3.569,530.6342321428571,0.0,0.008
3.57,530.6342321428571,0.0,0.009
3.571,500.84975551020403,0.0,0.009
3.572,500.84975551020403,0.0,0.01
3.573,500.84975551020403,0.0,0.011
3.574,500.84975551020403,0.0,0.011
3.575,500.84975551020403,0.0,0.011
3.576,500.84975551020403,0.0,0.012
3.577,500.84975551020403,0.0,0.011
3.578,500.84975551020403,0.0,0.011
3.579,500.84975551020403,0.0,0.011
3.58,500.84975551020403,0.0,0.01
3.581,500.84975551020403,0.0,0.01
3.582,500.84975551020403,0.0,0.01
3.583,500.84975551020403,0.0,0.01
3.584,500.84975551020403,0.0,0.01
3.585,500.84975551020403,0.0,0.01
3.586,500.84975551020403,0.0,0.01
3.587,500.84975551020403,0.0,0.01
3.588,500.84975551020403,0.0,0.011
3.589,500.84975551020403,0.0,0.012
3.59,500.84975551020403,0.0,0.012
3.591,500.84975551020403,0.0,0.013
3.592,500.84975551020403,0.0,0.013
3.593,500.84975551020403,0.0,0.013
3.594,500.84975551020403,0.0,0.013
3.595,500.84975551020403,0.0,0.014
3.596,500.84975551020403,0.0,0.014
3.597,500.84975551020403,0.0,0.014
3.598,500.84975551020403,0.0,0.015
3.599,500.84975551020403,0.0,0.015
3.6,500.84975551020403,0.0,0.015
3.601,500.84975551020403,0.0,0.015
3.602,500.84975551020403,0.0,0.015
3.603,500.84975551020403,0.0,0.014
3.604,500.84975551020403,0.0,0.014
3.605,500.84975551020403,0.0,0.014
3.606,500.84975551020403,0.0,0.014
3.607,500.84975551020403,0.0,0.013
3.608,500.84975551020403,0.0,0.013
3.609,500.84975551020403,0.0,0.013
3.61,500.84975551020403,0.0,0.013
3.611,500.84975551020403,0.0,0.013
3.612,500.84975551020403,0.0,0.013
3.613,500.84975551020403,0.0,0.013
3.614,500.84975551020403,0.0,0.014
3.615,500.84975551020403,0.0,0.013
3.616,500.84975551020403,0.0,0.014
3.617,500.84975551020403,0.0,0.014
3.618,500.84975551020403,0.0,0.015
3.619,500.84975551020403,0.0,0.015
3.62,500.84975551020403,0.0,0.016
3.621,500.84975551020403,0.0,0.017
3.622,500.84975551020403,0.0,0.018
3.623,500.84975551020403,0.0,0.02
3.624,500.84975551020403,0.0,0.02
3.625,500.84975551020403,0.0,0.02
3.626,500.84975551020403,0.0,0.021
3.627,500.84975551020403,0.0,0.021
3.628,500.84975551020403,0.0,0.021
3.629,500.84975551020403,0.0,0.022
3.63,500.84975551020403,0.0,0.022
3.631,500.84975551020403,0.0,0.022
3.632,500.84975551020403,0.0,0.022
3.633,500.84975551020403,0.0,0.022
3.634,500.84975551020403,0.0,0.021
3.635,500.84975551020403,0.0,0.021
3.636,500.84975551020403,0.0,0.022
3.637,500.84975551020403,0.0,0.022
3.638,500.84975551020403,0.0,0.023
3.639,500.84975551020403,0.0,0.024
3.64,500.84975551020403,0.0,0.026
3.641,500.84975551020403,0.0,0.026
3.642,500.84975551020403,0.0,0.029
3.643,500.84975551020403,0.0,0.031
3.644,500.84975551020403,0.0,0.032
3.645,500.84975551020403,0.0,0.035
3.646,500.84975551020403,0.0,0.038
3.647,500.84975551020403,0.0,0.039
3.648,500.84975551020403,0.0,0.04
3.649,500.84975551020403,0.0,0.043
3.65,500.84975551020403,0.0,0.043
3.651,500.84975551020403,0.0,0.045
3.652,500.84975551020403,0.0,0.048
3.653,500.84975551020403,0.0,0.049
3.654,500.84975551020403,0.0,0.047
3.655,500.84975551020403,0.0,0.049
3.656,500.84975551020403,0.0,0.048
3.657,500.84975551020403,0.0,0.043
3.658,500.84975551020403,0.0,0.039
3.659,500.84975551020403,0.0,0.034
3.66,500.84975551020403,0.0,0.03
3.661,500.84975551020403,0.0,0.028
3.662,500.84975551020403,0.0,0.024
3.663,500.84975551020403,0.0,0.02
3.664,500.84975551020403,0.0,0.016
3.665,500.84975551020403,0.0,0.014
3.666,500.84975551020403,0.0,0.012
3.667,500.84975551020403,0.0,0.01
3.668,500.84975551020403,0.0,0.009
3.669,500.84975551020403,0.0,0.008
3.67,500.84975551020403,0.0,0.007
3.671,500.84975551020403,0.0,0.007
3.672,500.84975551020403,0.0,0.007
3.673,500.84975551020403,0.0,0.007
3.674,500.84975551020403,0.0,0.007
3.675,500.84975551020403,0.0,0.007
3.676,500.84975551020403,0.0,0.008
3.677,500.84975551020403,0.0,0.008
3.678,500.84975551020403,0.0,0.008
3.679,500.84975551020403,0.0,0.009
3.68,500.84975551020403,0.0,0.009
3.681,500.84975551020403,0.0,0.009
3.682,500.84975551020403,0.0,0.009
3.683,500.84975551020403,0.0,0.009
3.684,500.84975551020403,0.0,0.009
3.685,500.84975551020403,0.0,0.009
3.686,500.84975551020403,0.0,0.008
3.687,500.84975551020403,0.0,0.008
3.688,500.84975551020403,0.0,0.009
3.689,500.84975551020403,0.0,0.009
3.69,500.84975551020403,0.0,0.009
3.691,500.84975551020403,0.0,0.01
3.692,500.84975551020403,0.0,0.01
3.693,500.84975551020403,0.0,0.01
3.694,500.84975551020403,0.0,0.01
3.695,500.84975551020403,0.0,0.009
3.696,500.84975551020403,0.0,0.009
3.697,500.84975551020403,0.0,0.009
3.698,500.84975551020403,0.0,0.009
3.699,500.84975551020403,0.0,0.008
3.7,500.84975551020403,0.0,0.007
3.701,500.84975551020403,0.0,0.007
3.702,500.84975551020403,0.0,0.006
3.703,500.84975551020403,0.0,0.005
3.704,500.84975551020403,0.0,0.005
3.705,500.84975551020403,0.0,0.005
3.706,500.84975551020403,0.0,0.004
3.707,500.84975551020403,0.0,0.004
3.708,500.84975551020403,0.0,0.004
3.709,500.84975551020403,0.0,0.004
3.71,500.84975551020403,0.0,0.003
3.711,500.84975551020403,0.0,0.004
3.712,500.84975551020403,0.0,0.004
3.713,500.84975551020403,0.0,0.004
3.714,500.84975551020403,0.0,0.004
3.715,500.84975551020403,0.0,0.005
3.716,500.84975551020403,0.0,0.005
3.717,446.209387755102,0.0,0.006
3.718,446.209387755102,0.0,0.006
3.719,446.209387755102,0.0,0.006
3.72,446.209387755102,0.0,0.006
3.721,446.209387755102,0.0,0.006
3.722,446.209387755102,0.0,0.006
3.723,446.209387755102,0.0,0.006
3.724,446.209387755102,0.0,0.006
3.725,446.209387755102,0.0,0.006
3.726,446.209387755102,0.0,0.005
3.727,446.209387755102,0.0,0.005
3.728,446.209387755102,0.0,0.005
3.729,446.209387755102,0.0,0.005
3.73,446.209387755102,0.0,0.005
3.731,446.209387755102,0.0,0.005
3.732,446.209387755102,0.0,0.005
3.733,446.209387755102,0.0,0.005
3.734,446.209387755102,0.0,0.006
3.735,446.209387755102,0.0,0.006
3.736,446.209387755102,0.0,0.007
3.737,446.209387755102,0.0,0.007
3.738,446.209387755102,0.0,0.008
3.739,446.209387755102,0.0,0.008
3.74,446.209387755102,0.0,0.008
3.741,446.209387755102,0.0,0.009
3.742,446.209387755102,0.0,0.009
3.743,446.209387755102,0.0,0.009
3.744,446.209387755102,0.0,0.01
3.745,446.209387755102,0.0,0.01
3.746,446.209387755102,0.0,0.01
3.747,446.209387755102,0.0,0.009
3.748,446.209387755102,0.0,0.01
3.749,446.209387755102,0.0,0.009
3.75,446.209387755102,0.0,0.009
3.751,446.209387755102,0.0,0.009
3.752,446.209387755102,0.0,0.009
3.753,446.209387755102,0.0,0.009
3.754,446.209387755102,0.0,0.01
3.755,446.209387755102,0.0,0.01
3.756,446.209387755102,0.0,0.009
3.757,446.209387755102,0.0,0.009
3.758,446.209387755102,0.0,0.009
3.759,446.209387755102,0.0,0.009
3.76,446.209387755102,0.0,0.009
3.761,446.209387755102,0.0,0.01
3.762,446.209387755102,0.0,0.01
3.763,446.209387755102,0.0,0.011
3.764,446.209387755102,0.0,0.012
3.765,446.209387755102,0.0,0.013
3.766,446.209387755102,0.0,0.013
3.767,446.209387755102,0.0,0.014
3.768,446.209387755102,0.0,0.015
3.769,446.209387755102,0.0,0.015
3.77,446.209387755102,0.0,0.016
3.771,446.209387755102,0.0,0.016
3.772,446.209387755102,0.0,0.016
3.773,446.209387755102,0.0,0.017
3.774,446.209387755102,0.0,0.017
3.775,446.209387755102,0.0,0.017
3.776,446.209387755102,0.0,0.018
3.777,446.209387755102,0.0,0.018
3.778,446.209387755102,0.0,0.019
3.779,446.209387755102,0.0,0.019
3.78,446.209387755102,0.0,0.019
3.781,446.209387755102,0.0,0.018
3.782,446.209387755102,0.0,0.017
3.783,446.209387755102,0.0,0.015
3.784,446.209387755102,0.0,0.014
3.785,446.209387755102,0.0,0.013
3.786,446.209387755102,0.0,0.013
3.787,446.209387755102,0.0,0.012
3.788,446.209387755102,0.0,0.011
3.789,446.209387755102,0.0,0.011
3.79,446.209387755102,0.0,0.01
3.791,446.209387755102,0.0,0.009
3.792,446.209387755102,0.0,0.009
3.793,446.209387755102,0.0,0.009
3.794,446.209387755102,0.0,0.008
3.795,446.209387755102,0.0,0.008
3.796,446.209387755102,0.0,0.008
3.797,446.209387755102,0.0,0.008
3.798,446.209387755102,0.0,0.008
3.799,446.209387755102,0.0,0.008
3.8,446.209387755102,0.0,0.008
3.801,446.209387755102,0.0,0.008
3.802,446.209387755102,0.0,0.008
3.803,446.209387755102,0.0,0.008
3.804,446.209387755102,0.0,0.008
3.805,446.209387755102,0.0,0.008
3.806,446.209387755102,0.0,0.008
3.807,446.209387755102,0.0,0.008
3.808,446.209387755102,0.0,0.009
3.809,446.209387755102,0.0,0.009
3.81,446.209387755102,0.0,0.009
3.811,446.209387755102,0.0,0.009
3.812,446.209387755102,0.0,0.01
3.813,446.209387755102,0.0,0.01
3.814,446.209387755102,0.0,0.011
3.815,446.209387755102,0.0,0.01
3.816,446.209387755102,0.0,0.011
3.817,446.209387755102,0.0,0.01
3.818,446.209387755102,0.0,0.01
3.819,446.209387755102,0.0,0.01
3.82,446.209387755102,0.0,0.01
3.821,446.209387755102,0.0,0.011
3.822,446.209387755102,0.0,0.012
3.823,446.209387755102,0.0,0.012
3.824,446.209387755102,0.0,0.013
3.825,446.209387755102,0.0,0.013
3.826,446.209387755102,0.0,0.013
3.827,446.209387755102,0.0,0.013
3.828,446.209387755102,0.0,0.015
3.829,446.209387755102,0.0,0.017
3.83,446.209387755102,0.0,0.016
3.831,446.209387755102,0.0,0.018
3.832,446.209387755102,0.0,0.018
3.833,446.209387755102,0.0,0.017
3.834,446.209387755102,0.0,0.017
3.835,446.209387755102,0.0,0.014
3.836,446.209387755102,0.0,0.015
3.837,446.209387755102,0.0,0.014
3.838,446.209387755102,0.0,0.014
3.839,446.209387755102,0.0,0.015
3.84,446.209387755102,0.0,0.013
3.841,446.209387755102,0.0,0.013
3.842,446.209387755102,0.0,0.013
3.843,446.209387755102,0.0,0.012
3.844,446.209387755102,0.0,0.014
3.845,446.209387755102,0.0,0.013
3.846,446.209387755102,0.0,0.012
3.847,446.209387755102,0.0,0.011
3.848,446.209387755102,0.0,0.01
3.849,446.209387755102,0.0,0.01
3.85,446.209387755102,0.0,0.01
3.851,446.209387755102,0.0,0.009
3.852,446.209387755102,0.0,0.009
3.853,446.209387755102,0.0,0.008
3.854,446.209387755102,0.0,0.008
3.855,446.209387755102,0.0,0.007
3.856,446.209387755102,0.0,0.006
3.857,446.209387755102,0.0,0.006
3.858,397.532,0.0,0.005
3.859,397.532,0.0,0.005
3.86,397.532,0.0,0.005
3.861,397.532,0.0,0.004
3.862,397.532,0.0,0.005
3.863,397.532,0.0,0.004
3.864,397.532,0.0,0.005
3.865,397.532,0.0,0.004
3.866,397.532,0.0,0.006
3.867,397.532,0.0,0.006
3.868,397.532,0.0,0.007
3.869,397.532,0.0,0.008
3.87,397.532,0.0,0.008
3.871,397.532,0.0,0.009
3.872,397.532,0.0,0.008
3.873,397.532,0.0,0.011
3.874,397.532,0.0,0.012
3.875,397.532,0.0,0.011
3.876,397.532,0.0,0.014
3.877,397.532,0.0,0.014
3.878,397.532,0.0,0.017
3.879,397.532,0.0,0.016
3.88,397.532,0.0,0.013
3.881,397.532,0.0,0.015
3.882,397.532,0.0,0.013
3.883,397.532,0.0,0.014
3.884,397.532,0.0,0.014
3.885,397.532,0.0,0.012
3.886,397.532,0.0,0.015
3.887,397.532,0.0,0.013
3.888,397.532,0.0,0.013
3.889,397.532,0.0,0.014
3.89,397.532,0.0,0.013
3.891,397.532,0.0,0.014
3.892,397.532,0.0,0.013
3.893,397.532,0.0,0.014
3.894,397.532,0.0,0.014
3.895,397.532,0.0,0.012
3.896,397.532,0.0,0.014
3.897,397.532,0.0,0.013
3.898,397.532,0.0,0.014
3.899,397.532,0.0,0.016
3.9,397.532,0.0,0.014
3.901,397.532,0.0,0.016
3.902,397.532,0.0,0.014
3.903,397.532,0.0,0.015
3.904,397.532,0.0,0.016
3.905,397.532,0.0,0.014
3.906,397.532,0.0,0.015
3.907,397.532,0.0,0.013
3.908,397.532,0.0,0.013
3.909,397.532,0.0,0.014
3.91,397.532,0.0,0.012
3.911,397.532,0.0,0.014
3.912,397.532,0.0,0.013
3.913,397.532,0.0,0.013
3.914,397.532,0.0,0.015
3.915,397.532,0.0,0.012
3.916,397.532,0.0,0.014
3.917,397.532,0.0,0.013
3.918,397.532,0.0,0.012
3.919,397.532,0.0,0.014
3.92,397.532,0.0,0.012
3.921,397.532,0.0,0.013
3.922,397.532,0.0,0.012
3.923,397.532,0.0,0.012
3.924,397.532,0.0,0.013
3.925,397.532,0.0,0.011
3.926,397.532,0.0,0.012
3.927,397.532,0.0,0.011
3.928,397.532,0.0,0.011
3.929,397.532,0.0,0.011
3.93,397.532,0.0,0.009
3.931,397.532,0.0,0.011
3.932,397.532,0.0,0.01
3.933,397.532,0.0,0.009
3.934,397.532,0.0,0.011
3.935,397.532,0.0,0.009
3.936,397.532,0.0,0.009
3.937,397.532,0.0,0.009
3.938,397.532,0.0,0.008
3.939,397.532,0.0,0.009
3.94,397.532,0.0,0.009
3.941,397.532,0.0,0.009
3.942,397.532,0.0,0.009
3.943,397.532,0.0,0.01
3.944,397.532,0.0,0.011
3.945,397.532,0.0,0.012
3.946,397.532,0.0,0.014
3.947,397.532,0.0,0.017
3.948,397.532,0.0,0.019
3.949,397.532,0.0,0.021
3.95,397.532,0.0,0.022
3.951,397.532,0.0,0.024
3.952,397.532,0.0,0.024
3.953,397.532,0.0,0.027
3.954,397.532,0.0,0.026
3.955,397.532,0.0,0.025
3.956,397.532,0.0,0.026
3.957,397.532,0.0,0.024
3.958,397.532,0.0,0.023
3.959,397.532,0.0,0.021
3.96,397.532,0.0,0.02
3.961,397.532,0.0,0.022
3.962,397.532,0.0,0.021
3.963,397.532,0.0,0.022
3.964,397.532,0.0,0.021
3.965,397.532,0.0,0.019
3.966,397.532,0.0,0.019
3.967,397.532,0.0,0.018
3.968,397.532,0.0,0.017
3.969,397.532,0.0,0.019
3.97,397.532,0.0,0.018
3.971,397.532,0.0,0.019
3.972,397.532,0.0,0.02
3.973,397.532,0.0,0.02
3.974,397.532,0.0,0.019
3.975,397.532,0.0,0.018
3.976,397.532,0.0,0.02
3.977,397.532,0.0,0.022
3.978,397.532,0.0,0.02
3.979,397.532,0.0,0.019
3.98,397.532,0.0,0.02
3.981,397.532,0.0,0.02
3.982,397.532,0.0,0.019
3.983,397.532,0.0,0.019
3.984,397.532,0.0,0.019
3.985,397.532,0.0,0.02
3.986,397.532,0.0,0.021
3.987,397.532,0.0,0.02
3.988,397.532,0.0,0.02
3.989,397.532,0.0,0.02
3.99,397.532,0.0,0.02
3.991,397.532,0.0,0.02
3.992,397.532,0.0,0.021
3.993,397.532,0.0,0.022
3.994,397.532,0.0,0.02
3.995,397.532,0.0,0.019
3.996,397.532,0.0,0.02
3.997,397.532,0.0,0.021
3.998,397.532,0.0,0.02
3.999,397.532,0.0,0.018
4.0,397.532,0.0,0.018
4.001,397.532,0.0,0.019
4.002,397.532,0.0,0.019
4.003,500.84975551020403,0.0,0.017
4.004,500.84975551020403,0.0,0.016
4.005,500.84975551020403,0.0,0.016
4.006,500.84975551020403,0.0,0.017
4.007,500.84975551020403,0.0,0.017
4.008,500.84975551020403,0.0,0.016
4.009,500.84975551020403,0.0,0.016
4.01,500.84975551020403,0.0,0.016
4.011,500.84975551020403,0.0,0.016
4.012,500.84975551020403,0.0,0.016
4.013,500.84975551020403,0.0,0.016
4.014,500.84975551020403,0.0,0.015
4.015,500.84975551020403,0.0,0.015
4.016,500.84975551020403,0.0,0.015
4.017,500.84975551020403,0.0,0.014
4.018,500.84975551020403,0.0,0.014
4.019,500.84975551020403,0.0,0.014
4.02,500.84975551020403,0.0,0.013
4.021,500.84975551020403,0.0,0.013
4.022,500.84975551020403,0.0,0.014
4.023,500.84975551020403,0.0,0.014
4.024,500.84975551020403,0.0,0.013
4.025,500.84975551020403,0.0,0.014
4.026,500.84975551020403,0.0,0.015
4.027,500.84975551020403,0.0,0.015
4.028,500.84975551020403,0.0,0.015
4.029,500.84975551020403,0.0,0.014
4.03,500.84975551020403,0.0,0.014
4.031,500.84975551020403,0.0,0.013
4.032,500.84975551020403,0.0,0.014
4.033,500.84975551020403,0.0,0.013
4.034,500.84975551020403,0.0,0.013
4.035,500.84975551020403,0.0,0.013
4.036,500.84975551020403,0.0,0.013
4.037,500.84975551020403,0.0,0.012
4.038,500.84975551020403,0.0,0.012
4.039,500.84975551020403,0.0,0.012
4.04,500.84975551020403,0.0,0.013
4.041,500.84975551020403,0.0,0.013
4.042,500.84975551020403,0.0,0.014
4.043,500.84975551020403,0.0,0.013
4.044,500.84975551020403,0.0,0.013
4.045,500.84975551020403,0.0,0.013
4.046,500.84975551020403,0.0,0.012
4.047,500.84975551020403,0.0,0.012
4.048,500.84975551020403,0.0,0.012
4.049,500.84975551020403,0.0,0.013
4.05,500.84975551020403,0.0,0.013
4.051,500.84975551020403,0.0,0.013
4.052,500.84975551020403,0.0,0.013
4.053,500.84975551020403,0.0,0.013
4.054,500.84975551020403,0.0,0.012
4.055,500.84975551020403,0.0,0.013
4.056,500.84975551020403,0.0,0.013
4.057,500.84975551020403,0.0,0.014
4.058,500.84975551020403,0.0,0.014
4.059,500.84975551020403,0.0,0.014
4.06,500.84975551020403,0.0,0.016
4.061,500.84975551020403,0.0,0.016
4.062,500.84975551020403,0.0,0.016
4.063,500.84975551020403,0.0,0.016
4.064,500.84975551020403,0.0,0.017
4.065,500.84975551020403,0.0,0.018
4.066,500.84975551020403,0.0,0.018
4.067,500.84975551020403,0.0,0.02
4.068,500.84975551020403,0.0,0.021
4.069,500.84975551020403,0.0,0.022
4.07,500.84975551020403,0.0,0.025
4.071,500.84975551020403,0.0,0.026
4.072,500.84975551020403,0.0,0.027
4.073,500.84975551020403,0.0,0.03
4.074,500.84975551020403,0.0,0.031
4.075,500.84975551020403,0.0,0.033
4.076,500.84975551020403,0.0,0.035
4.077,500.84975551020403,0.0,0.038
4.078,500.84975551020403,0.0,0.04
4.079,500.84975551020403,0.0,0.04
4.08,500.84975551020403,0.0,0.041
4.081,500.84975551020403,0.0,0.042
4.082,500.84975551020403,0.0,0.042
4.083,500.84975551020403,0.0,0.043
4.084,500.84975551020403,0.0,0.044
4.085,500.84975551020403,0.0,0.048
4.086,500.84975551020403,0.0,0.048
4.087,500.84975551020403,0.0,0.049
4.088,500.84975551020403,0.0,0.05
4.089,500.84975551020403,0.0,0.051
4.09,500.84975551020403,0.0,0.051
4.091,500.84975551020403,0.0,0.051
4.092,500.84975551020403,0.0,0.054
4.093,500.84975551020403,0.0,0.055
4.094,500.84975551020403,0.0,0.054
4.095,500.84975551020403,0.0,0.056
4.096,500.84975551020403,0.0,0.059
4.097,500.84975551020403,0.0,0.058
4.098,500.84975551020403,0.0,0.058
4.099,500.84975551020403,0.0,0.059
4.1,500.84975551020403,0.0,0.06
4.101,500.84975551020403,0.0,0.06
4.102,500.84975551020403,0.0,0.059
4.103,500.84975551020403,0.0,0.057
4.104,500.84975551020403,0.0,0.056
4.105,500.84975551020403,0.0,0.058
4.106,500.84975551020403,0.0,0.058
4.107,500.84975551020403,0.0,0.056
4.108,500.84975551020403,0.0,0.055
4.109,500.84975551020403,0.0,0.057
4.11,500.84975551020403,0.0,0.054
4.111,500.84975551020403,0.0,0.052
4.112,500.84975551020403,0.0,0.054
4.113,500.84975551020403,0.0,0.052
4.114,500.84975551020403,0.0,0.053
4.115,500.84975551020403,0.0,0.057
4.116,500.84975551020403,0.0,0.061
4.117,500.84975551020403,0.0,0.062
4.118,500.84975551020403,0.0,0.062
4.119,500.84975551020403,0.0,0.068
4.12,500.84975551020403,0.0,0.07
4.121,500.84975551020403,0.0,0.064
4.122,500.84975551020403,0.0,0.064
4.123,500.84975551020403,0.0,0.065
4.124,500.84975551020403,0.0,0.063
4.125,500.84975551020403,0.0,0.063
4.126,500.84975551020403,0.0,0.063
4.127,500.84975551020403,0.0,0.064
4.128,500.84975551020403,0.0,0.062
4.129,500.84975551020403,0.0,0.062
4.13,500.84975551020403,0.0,0.056
4.131,500.84975551020403,0.0,0.051
4.132,500.84975551020403,0.0,0.05
4.133,500.84975551020403,0.0,0.048
4.134,500.84975551020403,0.0,0.045
4.135,500.84975551020403,0.0,0.047
4.136,500.84975551020403,0.0,0.049
4.137,500.84975551020403,0.0,0.049
4.138,500.84975551020403,0.0,0.05
4.139,500.84975551020403,0.0,0.051
4.14,500.84975551020403,0.0,0.051
4.141,500.84975551020403,0.0,0.049
4.142,500.84975551020403,0.0,0.049
4.143,500.84975551020403,0.0,0.05
4.144,500.84975551020403,0.0,0.048
4.145,500.84975551020403,0.0,0.049
4.146,500.84975551020403,0.0,0.048
4.147,500.84975551020403,0.0,0.045
4.148,500.84975551020403,0.0,0.045
4.149,500.84975551020403,0.0,0.047
4.15,500.84975551020403,0.0,0.046
4.151,500.84975551020403,0.0,0.043
4.152,500.84975551020403,0.0,0.042
4.153,500.84975551020403,0.0,0.042
4.154,500.84975551020403,0.0,0.04
4.155,631.0313443877551,0.0,0.037
4.156,631.0313443877551,0.0,0.035
4.157,631.0313443877551,0.0,0.034
4.158,631.0313443877551,0.0,0.035
4.159,631.0313443877551,0.0,0.034
4.16,631.0313443877551,0.0,0.031
4.161,631.0313443877551,0.0,0.027
4.162,631.0313443877551,0.0,0.024
4.163,631.0313443877551,0.0,0.023
4.164,631.0313443877551,0.0,0.021
4.165,631.0313443877551,0.0,0.018
4.166,631.0313443877551,0.0,0.016
4.167,631.0313443877551,0.0,0.014
4.168,631.0313443877551,0.0,0.012
4.169,631.0313443877551,0.0,0.011
4.17,631.0313443877551,0.0,0.009
4.171,631.0313443877551,0.0,0.008
4.172,631.0313443877551,0.0,0.007
4.173,631.0313443877551,0.0,0.007
4.174,631.0313443877551,0.0,0.006
4.175,631.0313443877551,0.0,0.005
4.176,631.0313443877551,0.0,0.004
4.177,631.0313443877551,0.0,0.004
4.178,631.0313443877551,0.0,0.003
4.179,631.0313443877551,0.0,0.003
4.18,631.0313443877551,0.0,0.003
4.181,631.0313443877551,0.0,0.002
4.182,631.0313443877551,0.0,0.002
4.183,631.0313443877551,0.0,0.002
4.184,631.0313443877551,0.0,0.002
4.185,631.0313443877551,0.0,0.001
4.186,631.0313443877551,0.0,0.001
4.187,631.0313443877551,0.0,0.001
4.188,631.0313443877551,0.0,0.001
4.189,631.0313443877551,0.0,0.001
4.19,631.0313443877551,0.0,0.001
4.191,631.0313443877551,0.0,0.001
4.192,631.0313443877551,0.0,0.001
4.193,631.0313443877551,0.0,0.001
4.194,631.0313443877551,0.0,0.001
4.195,631.0313443877551,0.0,0.001
4.196,631.0313443877551,0.0,0.001
4.197,631.0313443877551,0.0,0.001
4.198,631.0313443877551,0.0,0.001
4.199,631.0313443877551,0.0,0.001
4.2,631.0313443877551,0.0,0.001
4.201,631.0313443877551,0.0,0.001
4.202,631.0313443877551,0.0,0.001
4.203,631.0313443877551,0.0,0.001
4.204,631.0313443877551,0.0,0.002
4.205,631.0313443877551,0.0,0.002
4.206,631.0313443877551,0.0,0.002
4.207,631.0313443877551,0.0,0.002
4.208,631.0313443877551,0.0,0.002
4.209,631.0313443877551,0.0,0.002
4.21,631.0313443877551,0.0,0.002
4.211,631.0313443877551,0.0,0.002
4.212,631.0313443877551,0.0,0.002
4.213,631.0313443877551,0.0,0.002
4.214,631.0313443877551,0.0,0.002
4.215,631.0313443877551,0.0,0.002
4.216,631.0313443877551,0.0,0.002
4.217,631.0313443877551,0.0,0.002
4.218,631.0313443877551,0.0,0.002
4.219,631.0313443877551,0.0,0.002
4.22,631.0313443877551,0.0,0.002
4.221,631.0313443877551,0.0,0.002
4.222,631.0313443877551,0.0,0.002
4.223,631.0313443877551,0.0,0.002
4.224,631.0313443877551,0.0,0.002
4.225,631.0313443877551,0.0,0.002
4.226,631.0313443877551,0.0,0.002
4.227,631.0313443877551,0.0,0.002
4.228,631.0313443877551,0.0,0.002
4.229,631.0313443877551,0.0,0.002
4.23,631.0313443877551,0.0,0.002
4.231,631.0313443877551,0.0,0.002
4.232,631.0313443877551,0.0,0.002
4.233,631.0313443877551,0.0,0.002
4.234,631.0313443877551,0.0,0.002
4.235,631.0313443877551,0.0,0.002
4.236,631.0313443877551,0.0,0.002
4.237,631.0313443877551,0.0,0.003
4.238,631.0313443877551,0.0,0.002
4.239,631.0313443877551,0.0,0.002
4.24,631.0313443877551,0.0,0.002
4.241,631.0313443877551,0.0,0.002
4.242,631.0313443877551,0.0,0.002
4.243,631.0313443877551,0.0,0.002
4.244,631.0313443877551,0.0,0.002
4.245,631.0313443877551,0.0,0.003
4.246,631.0313443877551,0.0,0.002
4.247,631.0313443877551,0.0,0.002
4.248,631.0313443877551,0.0,0.003
4.249,631.0313443877551,0.0,0.003
4.25,631.0313443877551,0.0,0.003
4.251,631.0313443877551,0.0,0.003
4.252,631.0313443877551,0.0,0.003
4.253,631.0313443877551,0.0,0.004
4.254,631.0313443877551,0.0,0.004
4.255,631.0313443877551,0.0,0.004
4.256,631.0313443877551,0.0,0.004
4.257,631.0313443877551,0.0,0.005
4.258,631.0313443877551,0.0,0.005
4.259,631.0313443877551,0.0,0.005
4.26,631.0313443877551,0.0,0.005
4.261,631.0313443877551,0.0,0.005
4.262,631.0313443877551,0.0,0.006
4.263,631.0313443877551,0.0,0.006
4.264,631.0313443877551,0.0,0.005
4.265,631.0313443877551,0.0,0.005
4.266,631.0313443877551,0.0,0.005
4.267,631.0313443877551,0.0,0.005
4.268,631.0313443877551,0.0,0.005
4.269,631.0313443877551,0.0,0.005
4.27,631.0313443877551,0.0,0.005
4.271,631.0313443877551,0.0,0.004
4.272,631.0313443877551,0.0,0.003
4.273,631.0313443877551,0.0,0.003
4.274,631.0313443877551,0.0,0.003
4.275,631.0313443877551,0.0,0.003
4.276,631.0313443877551,0.0,0.004
4.277,631.0313443877551,0.0,0.004
4.278,631.0313443877551,0.0,0.004
4.279,631.0313443877551,0.0,0.004
4.28,631.0313443877551,0.0,0.004
4.281,631.0313443877551,0.0,0.004
4.282,631.0313443877551,0.0,0.004
4.283,631.0313443877551,0.0,0.004
4.284,631.0313443877551,0.0,0.004
4.285,631.0313443877551,0.0,0.004
4.286,631.0313443877551,0.0,0.005
4.287,631.0313443877551,0.0,0.005
4.288,631.0313443877551,0.0,0.005
4.289,631.0313443877551,0.0,0.005
4.29,631.0313443877551,0.0,0.005
4.291,631.0313443877551,0.0,0.006
4.292,668.5534974489796,0.0,0.006
4.293,668.5534974489796,0.0,0.006
4.294,668.5534974489796,0.0,0.007
4.295,668.5534974489796,0.0,0.006
4.296,668.5534974489796,0.0,0.005
4.297,668.5534974489796,0.0,0.005
4.298,668.5534974489796,0.0,0.004
4.299,668.5534974489796,0.0,0.003
4.3,668.5534974489796,0.0,0.002
4.301,668.5534974489796,0.0,0.002
4.302,668.5534974489796,0.0,0.002
4.303,668.5534974489796,0.0,0.002
4.304,668.5534974489796,0.0,0.002
4.305,668.5534974489796,0.0,0.002
4.306,668.5534974489796,0.0,0.002
4.307,668.5534974489796,0.0,0.002
4.308,668.5534974489796,0.0,0.002
4.309,668.5534974489796,0.0,0.003
4.31,668.5534974489796,0.0,0.004
4.311,668.5534974489796,0.0,0.005
4.312,668.5534974489796,0.0,0.007
4.313,668.5534974489796,0.0,0.009
4.314,668.5534974489796,0.0,0.01
4.315,668.5534974489796,0.0,0.012
4.316,668.5534974489796,0.0,0.013
4.317,668.5534974489796,0.0,0.013
4.318,668.5534974489796,0.0,0.014
4.319,668.5534974489796,0.0,0.015
4.32,668.5534974489796,0.0,0.015
4.321,668.5534974489796,0.0,0.015
4.322,668.5534974489796,0.0,0.015
4.323,668.5534974489796,0.0,0.016
4.324,668.5534974489796,0.0,0.016
4.325,668.5534974489796,0.0,0.015
4.326,668.5534974489796,0.0,0.015
4.327,668.5534974489796,0.0,0.014
4.328,668.5534974489796,0.0,0.013
4.329,668.5534974489796,0.0,0.012
4.33,668.5534974489796,0.0,0.011
4.331,668.5534974489796,0.0,0.011
4.332,668.5534974489796,0.0,0.01
4.333,668.5534974489796,0.0,0.01
4.334,668.5534974489796,0.0,0.011
4.335,668.5534974489796,0.0,0.01
4.336,668.5534974489796,0.0,0.01
4.337,668.5534974489796,0.0,0.01
4.338,668.5534974489796,0.0,0.01
4.339,668.5534974489796,0.0,0.01
4.34,668.5534974489796,0.0,0.01
4.341,668.5534974489796,0.0,0.009
4.342,668.5534974489796,0.0,0.008
4.343,668.5534974489796,0.0,0.008
4.344,668.5534974489796,0.0,0.007
4.345,668.5534974489796,0.0,0.007
4.346,668.5534974489796,0.0,0.006
4.347,668.5534974489796,0.0,0.006
4.348,668.5534974489796,0.0,0.006
4.349,668.5534974489796,0.0,0.006
4.35,668.5534974489796,0.0,0.007
4.351,668.5534974489796,0.0,0.007
4.352,668.5534974489796,0.0,0.007
4.353,668.5534974489796,0.0,0.007
4.354,668.5534974489796,0.0,0.007
4.355,668.5534974489796,0.0,0.007
4.356,668.5534974489796,0.0,0.007
4.357,668.5534974489796,0.0,0.007
4.358,668.5534974489796,0.0,0.007
4.359,668.5534974489796,0.0,0.007
4.36,668.5534974489796,0.0,0.007
4.361,668.5534974489796,0.0,0.007
4.362,668.5534974489796,0.0,0.006
4.363,668.5534974489796,0.0,0.006
4.364,668.5534974489796,0.0,0.007
4.365,668.5534974489796,0.0,0.008
4.366,668.5534974489796,0.0,0.009
4.367,668.5534974489796,0.0,0.009
4.368,668.5534974489796,0.0,0.01
4.369,668.5534974489796,0.0,0.011
4.37,668.5534974489796,0.0,0.013
4.371,668.5534974489796,0.0,0.013
4.372,668.5534974489796,0.0,0.013
4.373,668.5534974489796,0.0,0.014
4.374,668.5534974489796,0.0,0.014
4.375,668.5534974489796,0.0,0.015
4.376,668.5534974489796,0.0,0.015
4.377,668.5534974489796,0.0,0.014
4.378,668.5534974489796,0.0,0.014
4.379,668.5534974489796,0.0,0.013
4.38,668.5534974489796,0.0,0.012
4.381,668.5534974489796,0.0,0.011
4.382,668.5534974489796,0.0,0.011
4.383,668.5534974489796,0.0,0.01
4.384,668.5534974489796,0.0,0.011
4.385,668.5534974489796,0.0,0.01
4.386,668.5534974489796,0.0,0.009
4.387,668.5534974489796,0.0,0.009
4.388,668.5534974489796,0.0,0.009
4.389,668.5534974489796,0.0,0.009
4.39,668.5534974489796,0.0,0.009
4.391,668.5534974489796,0.0,0.009
4.392,668.5534974489796,0.0,0.009
4.393,668.5534974489796,0.0,0.01
4.394,668.5534974489796,0.0,0.009
4.395,668.5534974489796,0.0,0.009
4.396,668.5534974489796,0.0,0.01
4.397,668.5534974489796,0.0,0.01
4.398,668.5534974489796,0.0,0.011
4.399,668.5534974489796,0.0,0.011
4.4,668.5534974489796,0.0,0.012
4.401,668.5534974489796,0.0,0.013
4.402,668.5534974489796,0.0,0.013
4.403,668.5534974489796,0.0,0.014
4.404,668.5534974489796,0.0,0.014
4.405,668.5534974489796,0.0,0.015
4.406,668.5534974489796,0.0,0.016
4.407,668.5534974489796,0.0,0.015
4.408,668.5534974489796,0.0,0.015
4.409,668.5534974489796,0.0,0.016
4.41,668.5534974489796,0.0,0.015
4.411,668.5534974489796,0.0,0.013
4.412,668.5534974489796,0.0,0.011
4.413,668.5534974489796,0.0,0.011
4.414,668.5534974489796,0.0,0.01
4.415,668.5534974489796,0.0,0.009
4.416,668.5534974489796,0.0,0.008
4.417,668.5534974489796,0.0,0.007
4.418,668.5534974489796,0.0,0.007
4.419,668.5534974489796,0.0,0.007
4.42,668.5534974489796,0.0,0.006
4.421,668.5534974489796,0.0,0.006
4.422,668.5534974489796,0.0,0.006
4.423,668.5534974489796,0.0,0.006
4.424,668.5534974489796,0.0,0.007
4.425,668.5534974489796,0.0,0.007
4.426,668.5534974489796,0.0,0.007
4.427,668.5534974489796,0.0,0.007
4.428,668.5534974489796,0.0,0.008
4.429,668.5534974489796,0.0,0.01
4.43,668.5534974489796,0.0,0.012
4.431,668.5534974489796,0.0,0.013
4.432,668.5534974489796,0.0,0.014
4.433,668.5534974489796,0.0,0.017
4.434,668.5534974489796,0.0,0.019
4.435,668.5534974489796,0.0,0.019
4.436,668.5534974489796,0.0,0.02
4.437,668.5534974489796,0.0,0.022
4.438,668.5534974489796,0.0,0.024
4.439,668.5534974489796,0.0,0.027
4.44,668.5534974489796,0.0,0.03
4.441,668.5534974489796,0.0,0.032
4.442,668.5534974489796,0.0,0.032
4.443,668.5534974489796,0.0,0.031
4.444,668.5534974489796,0.0,0.031
4.445,668.5534974489796,0.0,0.032
4.446,668.5534974489796,0.0,0.031
4.447,668.5534974489796,0.0,0.03
4.448,668.5534974489796,0.0,0.028
4.449,668.5534974489796,0.0,0.027
4.45,668.5534974489796,0.0,0.026
4.451,668.5534974489796,0.0,0.023
4.452,668.5534974489796,0.0,0.02
4.453,668.5534974489796,0.0,0.019
4.454,668.5534974489796,0.0,0.019
4.455,668.5534974489796,0.0,0.017
4.456,668.5534974489796,0.0,0.015
4.457,668.5534974489796,0.0,0.014
4.458,668.5534974489796,0.0,0.013
4.459,668.5534974489796,0.0,0.013
4.46,668.5534974489796,0.0,0.014
4.461,668.5534974489796,0.0,0.014
4.462,668.5534974489796,0.0,0.015
4.463,668.5534974489796,0.0,0.016
4.464,500.84975551020403,0.0,0.017
4.465,500.84975551020403,0.0,0.017
4.466,500.84975551020403,0.0,0.018
4.467,500.84975551020403,0.0,0.02
4.468,500.84975551020403,0.0,0.02
4.469,500.84975551020403,0.0,0.023
4.47,500.84975551020403,0.0,0.025
4.471,500.84975551020403,0.0,0.025
4.472,500.84975551020403,0.0,0.025
4.473,500.84975551020403,0.0,0.026
4.474,500.84975551020403,0.0,0.029
4.475,500.84975551020403,0.0,0.031
4.476,500.84975551020403,0.0,0.033
4.477,500.84975551020403,0.0,0.034
4.478,500.84975551020403,0.0,0.036
4.479,500.84975551020403,0.0,0.036
4.48,500.84975551020403,0.0,0.036
4.481,500.84975551020403,0.0,0.036
4.482,500.84975551020403,0.0,0.033
4.483,500.84975551020403,0.0,0.031
4.484,500.84975551020403,0.0,0.03
4.485,500.84975551020403,0.0,0.029
4.486,500.84975551020403,0.0,0.027
4.487,500.84975551020403,0.0,0.024
4.488,500.84975551020403,0.0,0.022
4.489,500.84975551020403,0.0,0.02
4.49,500.84975551020403,0.0,0.019
4.491,500.84975551020403,0.0,0.019
4.492,500.84975551020403,0.0,0.016
4.493,500.84975551020403,0.0,0.015
4.494,500.84975551020403,0.0,0.015
4.495,500.84975551020403,0.0,0.015
4.496,500.84975551020403,0.0,0.013
4.497,500.84975551020403,0.0,0.013
4.498,500.84975551020403,0.0,0.013
4.499,500.84975551020403,0.0,0.013
4.5,500.84975551020403,0.0,0.013
4.501,500.84975551020403,0.0,0.014
4.502,500.84975551020403,0.0,0.013
4.503,500.84975551020403,0.0,0.013
4.504,500.84975551020403,0.0,0.013
4.505,500.84975551020403,0.0,0.013
4.506,500.84975551020403,0.0,0.014
4.507,500.84975551020403,0.0,0.015
4.508,500.84975551020403,0.0,0.016
4.509,500.84975551020403,0.0,0.017
4.51,500.84975551020403,0.0,0.018
4.511,500.84975551020403,0.0,0.02
4.512,500.84975551020403,0.0,0.02
4.513,500.84975551020403,0.0,0.02
4.514,500.84975551020403,0.0,0.021
4.515,500.84975551020403,0.0,0.022
4.516,500.84975551020403,0.0,0.023
4.517,500.84975551020403,0.0,0.024
4.518,500.84975551020403,0.0,0.024
4.519,500.84975551020403,0.0,0.024
4.52,500.84975551020403,0.0,0.024
4.521,500.84975551020403,0.0,0.024
4.522,500.84975551020403,0.0,0.024
4.523,500.84975551020403,0.0,0.025
4.524,500.84975551020403,0.0,0.025
4.525,500.84975551020403,0.0,0.025
4.526,500.84975551020403,0.0,0.025
4.527,500.84975551020403,0.0,0.027
4.528,500.84975551020403,0.0,0.027
4.529,500.84975551020403,0.0,0.027
4.53,500.84975551020403,0.0,0.029
4.531,500.84975551020403,0.0,0.029
4.532,500.84975551020403,0.0,0.031
4.533,500.84975551020403,0.0,0.033
4.534,500.84975551020403,0.0,0.035
4.535,500.84975551020403,0.0,0.037
4.536,500.84975551020403,0.0,0.041
4.537,500.84975551020403,0.0,0.044
4.538,500.84975551020403,0.0,0.046
4.539,500.84975551020403,0.0,0.048
4.54,500.84975551020403,0.0,0.052
4.541,500.84975551020403,0.0,0.053
4.542,500.84975551020403,0.0,0.058
4.543,500.84975551020403,0.0,0.061
4.544,500.84975551020403,0.0,0.064
4.545,500.84975551020403,0.0,0.066
4.546,500.84975551020403,0.0,0.066
4.547,500.84975551020403,0.0,0.066
4.548,500.84975551020403,0.0,0.065
4.549,500.84975551020403,0.0,0.066
4.55,500.84975551020403,0.0,0.064
4.551,500.84975551020403,0.0,0.061
4.552,500.84975551020403,0.0,0.059
4.553,500.84975551020403,0.0,0.058
4.554,500.84975551020403,0.0,0.058
4.555,500.84975551020403,0.0,0.056
4.556,500.84975551020403,0.0,0.055
4.557,500.84975551020403,0.0,0.055
4.558,500.84975551020403,0.0,0.055
4.559,500.84975551020403,0.0,0.054
4.56,500.84975551020403,0.0,0.054
4.561,500.84975551020403,0.0,0.052
4.562,500.84975551020403,0.0,0.047
4.563,500.84975551020403,0.0,0.045
4.564,500.84975551020403,0.0,0.043
4.565,500.84975551020403,0.0,0.039
4.566,500.84975551020403,0.0,0.035
4.567,500.84975551020403,0.0,0.033
4.568,500.84975551020403,0.0,0.032
4.569,500.84975551020403,0.0,0.029
4.57,500.84975551020403,0.0,0.025
4.571,500.84975551020403,0.0,0.023
4.572,500.84975551020403,0.0,0.022
4.573,500.84975551020403,0.0,0.021
4.574,500.84975551020403,0.0,0.02
4.575,500.84975551020403,0.0,0.02
4.576,500.84975551020403,0.0,0.02
4.577,500.84975551020403,0.0,0.019
4.578,500.84975551020403,0.0,0.019
4.579,500.84975551020403,0.0,0.019
4.58,500.84975551020403,0.0,0.019
4.581,500.84975551020403,0.0,0.021
4.582,500.84975551020403,0.0,0.021
4.583,500.84975551020403,0.0,0.024
4.584,500.84975551020403,0.0,0.028
4.585,500.84975551020403,0.0,0.029
4.586,500.84975551020403,0.0,0.028
4.587,500.84975551020403,0.0,0.029
4.588,500.84975551020403,0.0,0.032
4.589,500.84975551020403,0.0,0.031
4.59,500.84975551020403,0.0,0.029
4.591,500.84975551020403,0.0,0.027
4.592,500.84975551020403,0.0,0.027
4.593,500.84975551020403,0.0,0.026
4.594,500.84975551020403,0.0,0.023
4.595,446.209387755102,0.0,0.024
4.596,446.209387755102,0.0,0.023
4.597,446.209387755102,0.0,0.025
4.598,446.209387755102,0.0,0.027
4.599,446.209387755102,0.0,0.026
4.6,446.209387755102,0.0,0.025
4.601,446.209387755102,0.0,0.025
4.602,446.209387755102,0.0,0.025
4.603,446.209387755102,0.0,0.025
4.604,446.209387755102,0.0,0.025
4.605,446.209387755102,0.0,0.026
4.606,446.209387755102,0.0,0.026
4.607,446.209387755102,0.0,0.028
4.608,446.209387755102,0.0,0.031
4.609,446.209387755102,0.0,0.032
4.61,446.209387755102,0.0,0.032
4.611,446.209387755102,0.0,0.035
4.612,446.209387755102,0.0,0.038
4.613,446.209387755102,0.0,0.038
4.614,446.209387755102,0.0,0.04
4.615,446.209387755102,0.0,0.044
4.616,446.209387755102,0.0,0.047
4.617,446.209387755102,0.0,0.049
4.618,446.209387755102,0.0,0.05
4.619,446.209387755102,0.0,0.052
4.62,446.209387755102,0.0,0.059
4.621,446.209387755102,0.0,0.064
4.622,446.209387755102,0.0,0.065
4.623,446.209387755102,0.0,0.066
4.624,446.209387755102,0.0,0.071
4.625,446.209387755102,0.0,0.076
4.626,446.209387755102,0.0,0.077
4.627,446.209387755102,0.0,0.077
4.628,446.209387755102,0.0,0.076
4.629,446.209387755102,0.0,0.08
4.63,446.209387755102,0.0,0.084
4.631,446.209387755102,0.0,0.09
4.632,446.209387755102,0.0,0.092
4.633,446.209387755102,0.0,0.094
4.634,446.209387755102,0.0,0.097
4.635,446.209387755102,0.0,0.102
4.636,446.209387755102,0.0,0.105
4.637,446.209387755102,0.0,0.099
4.638,446.209387755102,0.0,0.107
4.639,446.209387755102,0.0,0.113
4.64,446.209387755102,0.0,0.118
4.641,446.209387755102,0.0,0.114
4.642,446.209387755102,0.0,0.118
4.643,446.209387755102,0.0,0.123
4.644,446.209387755102,0.0,0.121
4.645,446.209387755102,0.0,0.121
4.646,446.209387755102,0.0,0.11
4.647,446.209387755102,0.0,0.111
4.648,446.209387755102,0.0,0.112
4.649,446.209387755102,0.0,0.119
4.65,446.209387755102,0.0,0.12
4.651,446.209387755102,0.0,0.128
4.652,446.209387755102,0.0,0.12
4.653,446.209387755102,0.0,0.121
4.654,446.209387755102,0.0,0.127
4.655,446.209387755102,0.0,0.129
4.656,446.209387755102,0.0,0.126
4.657,446.209387755102,0.0,0.114
4.658,446.209387755102,0.0,0.123
4.659,446.209387755102,0.0,0.122
4.66,446.209387755102,0.0,0.122
4.661,446.209387755102,0.0,0.115
4.662,446.209387755102,0.0,0.115
4.663,446.209387755102,0.0,0.122
4.664,446.209387755102,0.0,0.12
4.665,446.209387755102,0.0,0.115
4.666,446.209387755102,0.0,0.112
4.667,446.209387755102,0.0,0.113
4.668,446.209387755102,0.0,0.113
4.669,446.209387755102,0.0,0.108
4.67,446.209387755102,0.0,0.104
4.671,446.209387755102,0.0,0.098
4.672,446.209387755102,0.0,0.102
4.673,446.209387755102,0.0,0.104
4.674,446.209387755102,0.0,0.099
4.675,446.209387755102,0.0,0.096
4.676,446.209387755102,0.0,0.096
4.677,446.209387755102,0.0,0.098
4.678,446.209387755102,0.0,0.095
4.679,446.209387755102,0.0,0.091
4.68,446.209387755102,0.0,0.092
4.681,446.209387755102,0.0,0.102
4.682,446.209387755102,0.0,0.097
4.683,446.209387755102,0.0,0.092
4.684,446.209387755102,0.0,0.095
4.685,446.209387755102,0.0,0.104
4.686,446.209387755102,0.0,0.106
4.687,446.209387755102,0.0,0.094
4.688,446.209387755102,0.0,0.09
4.689,446.209387755102,0.0,0.095
4.69,446.209387755102,0.0,0.099
4.691,446.209387755102,0.0,0.088
4.692,446.209387755102,0.0,0.075
4.693,446.209387755102,0.0,0.07
4.694,446.209387755102,0.0,0.069
4.695,446.209387755102,0.0,0.067
4.696,446.209387755102,0.0,0.055
4.697,446.209387755102,0.0,0.048
4.698,446.209387755102,0.0,0.045
4.699,446.209387755102,0.0,0.042
4.7,446.209387755102,0.0,0.038
4.701,446.209387755102,0.0,0.032
4.702,446.209387755102,0.0,0.029
4.703,446.209387755102,0.0,0.026
4.704,446.209387755102,0.0,0.024
4.705,446.209387755102,0.0,0.022
4.706,446.209387755102,0.0,0.019
4.707,446.209387755102,0.0,0.018
4.708,446.209387755102,0.0,0.016
4.709,446.209387755102,0.0,0.015
4.71,446.209387755102,0.0,0.014
4.711,446.209387755102,0.0,0.013
4.712,446.209387755102,0.0,0.013
4.713,446.209387755102,0.0,0.012
4.714,446.209387755102,0.0,0.012
4.715,446.209387755102,0.0,0.012
4.716,446.209387755102,0.0,0.011
4.717,446.209387755102,0.0,0.01
4.718,446.209387755102,0.0,0.01
4.719,446.209387755102,0.0,0.01
4.72,446.209387755102,0.0,0.009
4.721,446.209387755102,0.0,0.009
4.722,446.209387755102,0.0,0.009
4.723,446.209387755102,0.0,0.008
4.724,446.209387755102,0.0,0.008
4.725,446.209387755102,0.0,0.008
4.726,446.209387755102,0.0,0.008
4.727,446.209387755102,0.0,0.008
4.728,446.209387755102,0.0,0.007
4.729,446.209387755102,0.0,0.008
4.73,446.209387755102,0.0,0.008
4.731,446.209387755102,0.0,0.008
4.732,446.209387755102,0.0,0.009
4.733,446.209387755102,0.0,0.009
4.734,446.209387755102,0.0,0.009
4.735,446.209387755102,0.0,0.011
4.736,446.209387755102,0.0,0.011
4.737,446.209387755102,0.0,0.012
4.738,446.209387755102,0.0,0.013
4.739,446.209387755102,0.0,0.014
4.74,446.209387755102,0.0,0.015
4.741,446.209387755102,0.0,0.014
4.742,446.209387755102,0.0,0.015
4.743,446.209387755102,0.0,0.015
4.744,446.209387755102,0.0,0.015
4.745,446.209387755102,0.0,0.016
4.746,446.209387755102,0.0,0.014
4.747,446.209387755102,0.0,0.013
4.748,446.209387755102,0.0,0.014
4.749,446.209387755102,0.0,0.012
4.75,446.209387755102,0.0,0.012
4.751,446.209387755102,0.0,0.01
4.752,446.209387755102,0.0,0.01
4.753,446.209387755102,0.0,0.01
4.754,446.209387755102,0.0,0.008
4.755,446.209387755102,0.0,0.009
4.756,446.209387755102,0.0,0.007
4.757,446.209387755102,0.0,0.007
4.758,446.209387755102,0.0,0.007
4.759,446.209387755102,0.0,0.006
4.76,446.209387755102,0.0,0.006
4.761,397.532,0.0,0.005
4.762,397.532,0.0,0.005
4.763,397.532,0.0,0.006
4.764,397.532,0.0,0.004
4.765,397.532,0.0,0.004
4.766,397.532,0.0,0.004
4.767,397.532,0.0,0.004
4.768,397.532,0.0,0.004
4.769,397.532,0.0,0.004
4.77,397.532,0.0,0.005
4.771,397.532,0.0,0.005
4.772,397.532,0.0,0.007
4.773,397.532,0.0,0.008
4.774,397.532,0.0,0.01
4.775,397.532,0.0,0.012
4.776,397.532,0.0,0.012
4.777,397.532,0.0,0.019
4.778,397.532,0.0,0.017
4.779,397.532,0.0,0.017
4.78,397.532,0.0,0.021
4.781,397.532,0.0,0.019
4.782,397.532,0.0,0.025
4.783,397.532,0.0,0.028
4.784,397.532,0.0,0.027
4.785,397.532,0.0,0.032
4.786,397.532,0.0,0.03
4.787,397.532,0.0,0.034
4.788,397.532,0.0,0.033
4.789,397.532,0.0,0.031
4.79,397.532,0.0,0.036
4.791,397.532,0.0,0.034
4.792,397.532,0.0,0.036
4.793,397.532,0.0,0.035
4.794,397.532,0.0,0.031
4.795,397.532,0.0,0.036
4.796,397.532,0.0,0.033
4.797,397.532,0.0,0.035
4.798,397.532,0.0,0.032
4.799,397.532,0.0,0.029
4.8,397.532,0.0,0.033
4.801,397.532,0.0,0.027
4.802,397.532,0.0,0.03
4.803,397.532,0.0,0.03
4.804,397.532,0.0,0.025
4.805,397.532,0.0,0.028
4.806,397.532,0.0,0.022
4.807,397.532,0.0,0.022
4.808,397.532,0.0,0.021
4.809,397.532,0.0,0.018
4.81,397.532,0.0,0.022
4.811,397.532,0.0,0.018
4.812,397.532,0.0,0.018
4.813,397.532,0.0,0.018
4.814,397.532,0.0,0.015
4.815,397.532,0.0,0.017
4.816,397.532,0.0,0.013
4.817,397.532,0.0,0.013
4.818,397.532,0.0,0.014
4.819,397.532,0.0,0.012
4.82,397.532,0.0,0.014
4.821,397.532,0.0,0.012
4.822,397.532,0.0,0.012
4.823,397.532,0.0,0.013
4.824,397.532,0.0,0.011
4.825,397.532,0.0,0.013
4.826,397.532,0.0,0.012
4.827,397.532,0.0,0.012
4.828,397.532,0.0,0.013
4.829,397.532,0.0,0.012
4.83,397.532,0.0,0.015
4.831,397.532,0.0,0.014
4.832,397.532,0.0,0.015
4.833,397.532,0.0,0.017
4.834,397.532,0.0,0.016
4.835,397.532,0.0,0.018
4.836,397.532,0.0,0.017
4.837,397.532,0.0,0.017
4.838,397.532,0.0,0.018
4.839,397.532,0.0,0.015
4.84,397.532,0.0,0.016
4.841,397.532,0.0,0.016
4.842,397.532,0.0,0.015
4.843,397.532,0.0,0.016
4.844,397.532,0.0,0.014
4.845,397.532,0.0,0.015
4.846,397.532,0.0,0.015
4.847,397.532,0.0,0.015
4.848,397.532,0.0,0.016
4.849,397.532,0.0,0.014
4.85,397.532,0.0,0.017
4.851,397.532,0.0,0.018
4.852,397.532,0.0,0.018
4.853,397.532,0.0,0.022
4.854,397.532,0.0,0.019
4.855,397.532,0.0,0.021
4.856,397.532,0.0,0.02
4.857,397.532,0.0,0.018
4.858,397.532,0.0,0.021
4.859,397.532,0.0,0.017
4.86,397.532,0.0,0.019
4.861,397.532,0.0,0.019
4.862,397.532,0.0,0.014
4.863,397.532,0.0,0.017
4.864,397.532,0.0,0.015
4.865,397.532,0.0,0.016
4.866,397.532,0.0,0.016
4.867,397.532,0.0,0.014
4.868,397.532,0.0,0.016
4.869,397.532,0.0,0.014
4.87,397.532,0.0,0.014
4.871,397.532,0.0,0.016
4.872,397.532,0.0,0.014
4.873,397.532,0.0,0.015
4.874,397.532,0.0,0.014
4.875,397.532,0.0,0.012
4.876,397.532,0.0,0.016
4.877,397.532,0.0,0.014
4.878,397.532,0.0,0.013
4.879,397.532,0.0,0.013
4.88,397.532,0.0,0.015
4.881,397.532,0.0,0.017
4.882,397.532,0.0,0.016
4.883,397.532,0.0,0.018
4.884,397.532,0.0,0.022
4.885,397.532,0.0,0.025
4.886,397.532,0.0,0.03
4.887,397.532,0.0,0.028
4.888,397.532,0.0,0.03
4.889,397.532,0.0,0.033
4.89,397.532,0.0,0.036
4.891,397.532,0.0,0.035
4.892,397.532,0.0,0.038
4.893,397.532,0.0,0.048
4.894,397.532,0.0,0.053
4.895,397.532,0.0,0.052
4.896,375.2113894897959,0.0,0.051
4.897,375.2113894897959,0.0,0.053
4.898,375.2113894897959,0.0,0.055
4.899,375.2113894897959,0.0,0.053
4.9,375.2113894897959,0.0,0.054
4.901,375.2113894897959,0.0,0.058
4.902,375.2113894897959,0.0,0.051
4.903,375.2113894897959,0.0,0.042
4.904,375.2113894897959,0.0,0.037
4.905,375.2113894897959,0.0,0.035
4.906,375.2113894897959,0.0,0.033
4.907,375.2113894897959,0.0,0.024
4.908,375.2113894897959,0.0,0.019
4.909,375.2113894897959,0.0,0.017
4.91,375.2113894897959,0.0,0.015
4.911,375.2113894897959,0.0,0.016
4.912,375.2113894897959,0.0,0.017
4.913,375.2113894897959,0.0,0.017
4.914,375.2113894897959,0.0,0.018
4.915,375.2113894897959,0.0,0.018
4.916,375.2113894897959,0.0,0.018
4.917,375.2113894897959,0.0,0.016
4.918,375.2113894897959,0.0,0.017
4.919,375.2113894897959,0.0,0.017
4.92,375.2113894897959,0.0,0.017
4.921,375.2113894897959,0.0,0.017
4.922,375.2113894897959,0.0,0.016
4.923,375.2113894897959,0.0,0.015
4.924,375.2113894897959,0.0,0.015
4.925,375.2113894897959,0.0,0.016
4.926,375.2113894897959,0.0,0.015
4.927,375.2113894897959,0.0,0.016
4.928,375.2113894897959,0.0,0.016
4.929,375.2113894897959,0.0,0.017
4.93,375.2113894897959,0.0,0.018
4.931,375.2113894897959,0.0,0.018
4.932,375.2113894897959,0.0,0.02
4.933,375.2113894897959,0.0,0.021
4.934,375.2113894897959,0.0,0.022
4.935,375.2113894897959,0.0,0.023
4.936,375.2113894897959,0.0,0.023
4.937,375.2113894897959,0.0,0.023
4.938,375.2113894897959,0.0,0.025
4.939,375.2113894897959,0.0,0.027
4.94,375.2113894897959,0.0,0.028
4.941,375.2113894897959,0.0,0.026
4.942,375.2113894897959,0.0,0.027
4.943,375.2113894897959,0.0,0.03
4.944,375.2113894897959,0.0,0.029
4.945,375.2113894897959,0.0,0.029
4.946,375.2113894897959,0.0,0.03
4.947,375.2113894897959,0.0,0.031
4.948,375.2113894897959,0.0,0.032
4.949,375.2113894897959,0.0,0.033
4.95,375.2113894897959,0.0,0.032
4.951,375.2113894897959,0.0,0.032
4.952,375.2113894897959,0.0,0.034
4.953,375.2113894897959,0.0,0.036
4.954,375.2113894897959,0.0,0.036
4.955,375.2113894897959,0.0,0.034
4.956,375.2113894897959,0.0,0.033
4.957,375.2113894897959,0.0,0.033
4.958,375.2113894897959,0.0,0.034
4.959,375.2113894897959,0.0,0.035
4.96,375.2113894897959,0.0,0.033
4.961,375.2113894897959,0.0,0.03
4.962,375.2113894897959,0.0,0.029
4.963,375.2113894897959,0.0,0.028
4.964,375.2113894897959,0.0,0.026
4.965,375.2113894897959,0.0,0.024
4.966,375.2113894897959,0.0,0.024
4.967,375.2113894897959,0.0,0.025
4.968,375.2113894897959,0.0,0.024
4.969,375.2113894897959,0.0,0.023
4.97,375.2113894897959,0.0,0.022
4.971,375.2113894897959,0.0,0.021
4.972,375.2113894897959,0.0,0.022
4.973,375.2113894897959,0.0,0.022
4.974,375.2113894897959,0.0,0.02
4.975,375.2113894897959,0.0,0.022
4.976,375.2113894897959,0.0,0.022
4.977,375.2113894897959,0.0,0.021
4.978,375.2113894897959,0.0,0.021
4.979,375.2113894897959,0.0,0.02
4.98,375.2113894897959,0.0,0.02
4.981,375.2113894897959,0.0,0.019
4.982,375.2113894897959,0.0,0.019
4.983,375.2113894897959,0.0,0.019
4.984,375.2113894897959,0.0,0.018
4.985,375.2113894897959,0.0,0.017
4.986,375.2113894897959,0.0,0.017
4.987,375.2113894897959,0.0,0.017
4.988,375.2113894897959,0.0,0.017
4.989,375.2113894897959,0.0,0.015
4.99,375.2113894897959,0.0,0.014
4.991,375.2113894897959,0.0,0.014
4.992,375.2113894897959,0.0,0.014
4.993,375.2113894897959,0.0,0.012
4.994,375.2113894897959,0.0,0.012
4.995,375.2113894897959,0.0,0.011
4.996,375.2113894897959,0.0,0.011
4.997,375.2113894897959,0.0,0.01
4.998,375.2113894897959,0.0,0.01
4.999,375.2113894897959,0.0,0.009
5.0,375.2113894897959,0.0,0.009
5.001,375.2113894897959,0.0,0.008
5.002,375.2113894897959,0.0,0.008
5.003,375.2113894897959,0.0,0.007
5.004,375.2113894897959,0.0,0.007
5.005,375.2113894897959,0.0,0.006
5.006,375.2113894897959,0.0,0.006
5.007,375.2113894897959,0.0,0.007
5.008,375.2113894897959,0.0,0.007
5.009,375.2113894897959,0.0,0.008
5.01,375.2113894897959,0.0,0.009
5.011,375.2113894897959,0.0,0.01
5.012,375.2113894897959,0.0,0.011
5.013,375.2113894897959,0.0,0.012
5.014,375.2113894897959,0.0,0.012
5.015,375.2113894897959,0.0,0.014
5.016,375.2113894897959,0.0,0.016
5.017,375.2113894897959,0.0,0.016
5.018,375.2113894897959,0.0,0.017
5.019,375.2113894897959,0.0,0.017
5.02,375.2113894897959,0.0,0.018
5.021,375.2113894897959,0.0,0.019
5.022,375.2113894897959,0.0,0.018
5.023,375.2113894897959,0.0,0.018
5.024,375.2113894897959,0.0,0.018
5.025,375.2113894897959,0.0,0.017
5.026,375.2113894897959,0.0,0.015
5.027,375.2113894897959,0.0,0.015
5.028,375.2113894897959,0.0,0.014
5.029,375.2113894897959,0.0,0.015
5.03,375.2113894897959,0.0,0.016
5.031,375.2113894897959,0.0,0.016
5.032,375.2113894897959,0.0,0.016
5.033,375.2113894897959,0.0,0.017
5.034,375.2113894897959,0.0,0.016
5.035,375.2113894897959,0.0,0.015
5.036,375.2113894897959,0.0,0.015
5.037,375.2113894897959,0.0,0.015
5.038,375.2113894897959,0.0,0.015
5.039,375.2113894897959,0.0,0.016
5.04,375.2113894897959,0.0,0.016
5.041,375.2113894897959,0.0,0.016
5.042,375.2113894897959,0.0,0.017
5.043,375.2113894897959,0.0,0.016
5.044,375.2113894897959,0.0,0.017
5.045,375.2113894897959,0.0,0.018
5.046,375.2113894897959,0.0,0.018
5.047,375.2113894897959,0.0,0.018
5.048,375.2113894897959,0.0,0.018
5.049,375.2113894897959,0.0,0.019
5.05,375.2113894897959,0.0,0.018
5.051,375.2113894897959,0.0,0.019
5.052,375.2113894897959,0.0,0.02
5.053,375.2113894897959,0.0,0.02
5.054,375.2113894897959,0.0,0.022
5.055,375.2113894897959,0.0,0.023
5.056,375.2113894897959,0.0,0.023
5.057,375.2113894897959,0.0,0.024
5.058,375.2113894897959,0.0,0.025
5.059,375.2113894897959,0.0,0.025
5.06,375.2113894897959,0.0,0.026
5.061,375.2113894897959,0.0,0.026
5.062,375.2113894897959,0.0,0.026
5.063,375.2113894897959,0.0,0.029
5.064,375.2113894897959,0.0,0.028
5.065,375.2113894897959,0.0,0.027
5.066,375.2113894897959,0.0,0.03
5.067,375.2113894897959,0.0,0.031
5.068,375.2113894897959,0.0,0.03
5.069,375.2113894897959,0.0,0.032
5.07,375.2113894897959,0.0,0.032
5.071,375.2113894897959,0.0,0.03
5.072,375.2113894897959,0.0,0.034
5.073,375.2113894897959,0.0,0.035
5.074,375.2113894897959,0.0,0.031
5.075,375.2113894897959,0.0,0.033
5.076,375.2113894897959,0.0,0.036
5.077,375.2113894897959,0.0,0.033
5.078,375.2113894897959,0.0,0.035
5.079,375.2113894897959,0.0,0.038
5.08,375.2113894897959,0.0,0.037
5.081,375.2113894897959,0.0,0.041
5.082,375.2113894897959,0.0,0.045
5.083,375.2113894897959,0.0,0.046
5.084,334.2818192857143,0.0,0.049
5.085,334.2818192857143,0.0,0.052
5.086,334.2818192857143,0.0,0.051
5.087,334.2818192857143,0.0,0.055
5.088,334.2818192857143,0.0,0.058
5.089,334.2818192857143,0.0,0.057
5.09,334.2818192857143,0.0,0.064
5.091,334.2818192857143,0.0,0.068
5.092,334.2818192857143,0.0,0.061
5.093,334.2818192857143,0.0,0.064
5.094,334.2818192857143,0.0,0.068
5.095,334.2818192857143,0.0,0.059
5.096,334.2818192857143,0.0,0.059
5.097,334.2818192857143,0.0,0.064
5.098,334.2818192857143,0.0,0.056
5.099,334.2818192857143,0.0,0.055
5.1,334.2818192857143,0.0,0.061
5.101,334.2818192857143,0.0,0.055
5.102,334.2818192857143,0.0,0.053
5.103,334.2818192857143,0.0,0.057
5.104,334.2818192857143,0.0,0.052
5.105,334.2818192857143,0.0,0.048
5.106,334.2818192857143,0.0,0.048
5.107,334.2818192857143,0.0,0.043
5.108,334.2818192857143,0.0,0.043
5.109,334.2818192857143,0.0,0.044
5.11,334.2818192857143,0.0,0.039
5.111,334.2818192857143,0.0,0.039
5.112,334.2818192857143,0.0,0.038
5.113,334.2818192857143,0.0,0.031
5.114,334.2818192857143,0.0,0.03
5.115,334.2818192857143,0.0,0.031
5.116,334.2818192857143,0.0,0.03
5.117,334.2818192857143,0.0,0.031
5.118,334.2818192857143,0.0,0.036
5.119,334.2818192857143,0.0,0.039
5.12,334.2818192857143,0.0,0.042
5.121,334.2818192857143,0.0,0.047
5.122,334.2818192857143,0.0,0.049
5.123,334.2818192857143,0.0,0.05
5.124,334.2818192857143,0.0,0.061
5.125,334.2818192857143,0.0,0.062
5.126,334.2818192857143,0.0,0.057
5.127,334.2818192857143,0.0,0.064
5.128,334.2818192857143,0.0,0.07
5.129,334.2818192857143,0.0,0.065
5.13,334.2818192857143,0.0,0.07
5.131,334.2818192857143,0.0,0.078
5.132,334.2818192857143,0.0,0.074
5.133,334.2818192857143,0.0,0.08
5.134,334.2818192857143,0.0,0.092
5.135,334.2818192857143,0.0,0.092
5.136,334.2818192857143,0.0,0.099
5.137,334.2818192857143,0.0,0.109
5.138,334.2818192857143,0.0,0.105
5.139,334.2818192857143,0.0,0.113
5.14,334.2818192857143,0.0,0.122
5.141,334.2818192857143,0.0,0.11
5.142,334.2818192857143,0.0,0.109
5.143,334.2818192857143,0.0,0.113
5.144,334.2818192857143,0.0,0.104
5.145,334.2818192857143,0.0,0.105
5.146,334.2818192857143,0.0,0.106
5.147,334.2818192857143,0.0,0.089
5.148,334.2818192857143,0.0,0.09
5.149,334.2818192857143,0.0,0.094
5.15,334.2818192857143,0.0,0.08
5.151,334.2818192857143,0.0,0.076
5.152,334.2818192857143,0.0,0.084
5.153,334.2818192857143,0.0,0.076
5.154,334.2818192857143,0.0,0.069
5.155,334.2818192857143,0.0,0.075
5.156,334.2818192857143,0.0,0.071
5.157,334.2818192857143,0.0,0.063
5.158,334.2818192857143,0.0,0.062
5.159,334.2818192857143,0.0,0.061
5.16,334.2818192857143,0.0,0.055
5.161,334.2818192857143,0.0,0.05
5.162,334.2818192857143,0.0,0.046
5.163,334.2818192857143,0.0,0.041
5.164,334.2818192857143,0.0,0.033
5.165,334.2818192857143,0.0,0.026
5.166,334.2818192857143,0.0,0.022
5.167,334.2818192857143,0.0,0.017
5.168,334.2818192857143,0.0,0.013
5.169,334.2818192857143,0.0,0.01
5.17,334.2818192857143,0.0,0.009
5.171,334.2818192857143,0.0,0.007
5.172,334.2818192857143,0.0,0.008
5.173,334.2818192857143,0.0,0.008
5.174,334.2818192857143,0.0,0.007
5.175,334.2818192857143,0.0,0.008
5.176,334.2818192857143,0.0,0.008
5.177,334.2818192857143,0.0,0.007
5.178,334.2818192857143,0.0,0.008
5.179,334.2818192857143,0.0,0.008
5.18,334.2818192857143,0.0,0.009
5.181,334.2818192857143,0.0,0.012
5.182,334.2818192857143,0.0,0.013
5.183,334.2818192857143,0.0,0.013
5.184,334.2818192857143,0.0,0.016
5.185,334.2818192857143,0.0,0.017
5.186,334.2818192857143,0.0,0.017
5.187,334.2818192857143,0.0,0.02
5.188,334.2818192857143,0.0,0.02
5.189,334.2818192857143,0.0,0.019
5.19,334.2818192857143,0.0,0.022
5.191,334.2818192857143,0.0,0.022
5.192,334.2818192857143,0.0,0.021
5.193,334.2818192857143,0.0,0.023
5.194,334.2818192857143,0.0,0.025
5.195,334.2818192857143,0.0,0.024
5.196,334.2818192857143,0.0,0.026
5.197,334.2818192857143,0.0,0.03
5.198,334.2818192857143,0.0,0.027
5.199,334.2818192857143,0.0,0.027
5.2,334.2818192857143,0.0,0.03
5.201,334.2818192857143,0.0,0.027
5.202,334.2818192857143,0.0,0.027
5.203,334.2818192857143,0.0,0.032
5.204,334.2818192857143,0.0,0.031
5.205,334.2818192857143,0.0,0.03
5.206,334.2818192857143,0.0,0.036
5.207,334.2818192857143,0.0,0.038
5.208,334.2818192857143,0.0,0.036
5.209,334.2818192857143,0.0,0.04
5.21,334.2818192857143,0.0,0.042
5.211,334.2818192857143,0.0,0.042
5.212,334.2818192857143,0.0,0.048
5.213,334.2818192857143,0.0,0.05
5.214,334.2818192857143,0.0,0.05
5.215,334.2818192857143,0.0,0.059
5.216,334.2818192857143,0.0,0.058
5.217,334.2818192857143,0.0,0.053
5.218,334.2818192857143,0.0,0.059
5.219,334.2818192857143,0.0,0.056
5.22,334.2818192857143,0.0,0.047
5.221,334.2818192857143,0.0,0.05
5.222,334.2818192857143,0.0,0.053
5.223,334.2818192857143,0.0,0.053
5.224,334.2818192857143,0.0,0.055
5.225,334.2818192857143,0.0,0.06
5.226,334.2818192857143,0.0,0.058
5.227,334.2818192857143,0.0,0.063
5.228,334.2818192857143,0.0,0.069
5.229,334.2818192857143,0.0,0.062
5.23,334.2818192857143,0.0,0.066
5.231,334.2818192857143,0.0,0.078
5.232,334.2818192857143,0.0,0.074
5.233,334.2818192857143,0.0,0.079
5.234,334.2818192857143,0.0,0.092
5.235,334.2818192857143,0.0,0.089
5.236,334.2818192857143,0.0,0.093
5.237,334.2818192857143,0.0,0.107
5.238,334.2818192857143,0.0,0.097
5.239,334.2818192857143,0.0,0.095
5.24,334.2818192857143,0.0,0.108
5.241,334.2818192857143,0.0,0.106
5.242,334.2818192857143,0.0,0.104
5.243,334.2818192857143,0.0,0.11
5.244,334.2818192857143,0.0,0.111
5.245,334.2818192857143,0.0,0.114
5.246,334.2818192857143,0.0,0.123
5.247,334.2818192857143,0.0,0.123
5.248,334.2818192857143,0.0,0.123
5.249,334.2818192857143,0.0,0.135
5.25,334.2818192857143,0.0,0.136
5.251,334.2818192857143,0.0,0.14
5.252,334.2818192857143,0.0,0.162
5.253,334.2818192857143,0.0,0.163
5.254,334.2818192857143,0.0,0.167
5.255,334.2818192857143,0.0,0.186
5.256,334.2818192857143,0.0,0.2
5.257,334.2818192857143,0.0,0.198
5.258,334.2818192857143,0.0,0.204
5.259,334.2818192857143,0.0,0.21
5.26,334.2818192857143,0.0,0.22
5.261,334.2818192857143,0.0,0.228
5.262,334.2818192857143,0.0,0.235
5.263,334.2818192857143,0.0,0.232
5.264,334.2818192857143,0.0,0.232
5.265,334.2818192857143,0.0,0.253
5.266,334.2818192857143,0.0,0.26
5.267,334.2818192857143,0.0,0.248
5.268,334.2818192857143,0.0,0.253
5.269,334.2818192857143,0.0,0.274
5.27,334.2818192857143,0.0,0.28
5.271,334.2818192857143,0.0,0.286
5.272,334.2818192857143,0.0,0.292
5.273,334.2818192857143,0.0,0.299
5.274,334.2818192857143,328.686,0.305
5.275,334.2818192857143,0.0,0.297
5.276,334.2818192857143,0.0,0.272
5.277,334.2818192857143,0.0,0.27
5.278,334.2818192857143,0.0,0.269
5.279,334.2818192857143,0.0,0.25
5.28,334.2818192857143,0.0,0.235
5.281,334.2818192857143,0.0,0.212
5.282,334.2818192857143,0.0,0.193
5.283,334.2818192857143,0.0,0.19
5.284,334.2818192857143,0.0,0.172
5.285,334.2818192857143,0.0,0.146
5.286,334.2818192857143,0.0,0.131
5.287,334.2818192857143,0.0,0.11
5.288,334.2818192857143,0.0,0.092
5.289,334.2818192857143,0.0,0.083
5.29,334.2818192857143,0.0,0.073
5.291,334.2818192857143,0.0,0.064
5.292,334.2818192857143,0.0,0.067
5.293,334.2818192857143,0.0,0.066
5.294,334.2818192857143,0.0,0.072
5.295,334.2818192857143,0.0,0.074
5.296,334.2818192857143,0.0,0.076
5.297,334.2818192857143,0.0,0.091
5.298,334.2818192857143,0.0,0.09
5.299,334.2818192857143,0.0,0.082
5.3,334.2818192857143,0.0,0.086
5.301,334.2818192857143,0.0,0.091
5.302,334.2818192857143,0.0,0.08
5.303,334.2818192857143,0.0,0.095
5.304,334.2818192857143,0.0,0.107
5.305,334.2818192857143,0.0,0.107
5.306,334.2818192857143,0.0,0.113
5.307,334.2818192857143,0.0,0.126
5.308,334.2818192857143,0.0,0.118
5.309,334.2818192857143,0.0,0.117
5.31,334.2818192857143,0.0,0.108
5.311,334.2818192857143,0.0,0.097
5.312,334.2818192857143,0.0,0.099
5.313,334.2818192857143,0.0,0.087
5.314,334.2818192857143,0.0,0.083
5.315,334.2818192857143,0.0,0.081
5.316,334.2818192857143,0.0,0.071
5.317,334.2818192857143,0.0,0.072
5.318,334.2818192857143,0.0,0.071
5.319,334.2818192857143,0.0,0.063
5.32,334.2818192857143,0.0,0.061
5.321,334.2818192857143,0.0,0.06
5.322,334.2818192857143,0.0,0.054
5.323,334.2818192857143,0.0,0.053
5.324,334.2818192857143,0.0,0.048
5.325,334.2818192857143,0.0,0.037
5.326,334.2818192857143,0.0,0.039
5.327,334.2818192857143,0.0,0.04
5.328,334.2818192857143,0.0,0.036
5.329,334.2818192857143,0.0,0.039
5.33,334.2818192857143,0.0,0.045
5.331,334.2818192857143,0.0,0.045
5.332,334.2818192857143,0.0,0.045
5.333,334.2818192857143,0.0,0.051
5.334,334.2818192857143,0.0,0.047
5.335,334.2818192857143,0.0,0.043
5.336,334.2818192857143,0.0,0.042
5.337,334.2818192857143,0.0,0.034
5.338,334.2818192857143,0.0,0.033
5.339,334.2818192857143,0.0,0.033
5.34,334.2818192857143,0.0,0.029
5.341,334.2818192857143,0.0,0.024
5.342,334.2818192857143,0.0,0.021
5.343,334.2818192857143,0.0,0.02
5.344,334.2818192857143,0.0,0.017
5.345,334.2818192857143,0.0,0.014
5.346,334.2818192857143,0.0,0.014
5.347,334.2818192857143,0.0,0.012
5.348,334.2818192857143,0.0,0.01
5.349,334.2818192857143,0.0,0.009
5.35,334.2818192857143,0.0,0.007
5.351,334.2818192857143,0.0,0.007
5.352,334.2818192857143,0.0,0.007
5.353,334.2818192857143,0.0,0.007
5.354,334.2818192857143,0.0,0.007
5.355,334.2818192857143,0.0,0.007
5.356,334.2818192857143,0.0,0.007
5.357,334.2818192857143,0.0,0.007
5.358,334.2818192857143,0.0,0.009
5.359,334.2818192857143,0.0,0.009
5.36,334.2818192857143,0.0,0.011
5.361,334.2818192857143,0.0,0.013
5.362,334.2818192857143,0.0,0.012
5.363,334.2818192857143,0.0,0.015
5.364,334.2818192857143,0.0,0.015
5.365,334.2818192857143,0.0,0.018
5.366,334.2818192857143,0.0,0.018
5.367,334.2818192857143,0.0,0.016
5.368,397.532,0.0,0.023
5.369,397.532,0.0,0.019
5.37,397.532,0.0,0.02
5.371,397.532,0.0,0.023
5.372,397.532,0.0,0.018
5.373,397.532,0.0,0.023
5.374,397.532,0.0,0.02
5.375,397.532,0.0,0.022
5.376,397.532,0.0,0.024
5.377,397.532,0.0,0.02
5.378,397.532,0.0,0.027
5.379,397.532,0.0,0.023
5.38,397.532,0.0,0.028
5.381,397.532,0.0,0.032
5.382,397.532,0.0,0.025
5.383,397.532,0.0,0.036
5.384,397.532,0.0,0.031
5.385,397.532,0.0,0.036
5.386,397.532,0.0,0.04
5.387,397.532,0.0,0.029
5.388,397.532,0.0,0.038
5.389,397.532,0.0,0.028
5.39,397.532,0.0,0.031
5.391,397.532,0.0,0.034
5.392,397.532,0.0,0.027
5.393,397.532,0.0,0.037
5.394,397.532,0.0,0.033
5.395,397.532,0.0,0.033
5.396,397.532,0.0,0.043
5.397,397.532,0.0,0.032
5.398,397.532,0.0,0.038
5.399,397.532,0.0,0.038
5.4,397.532,0.0,0.036
5.401,397.532,0.0,0.046
5.402,397.532,0.0,0.037
5.403,397.532,0.0,0.042
5.404,397.532,0.0,0.036
5.405,397.532,0.0,0.034
5.406,397.532,0.0,0.043
5.407,397.532,0.0,0.032
5.408,397.532,0.0,0.037
5.409,397.532,0.0,0.036
5.41,397.532,0.0,0.032
5.411,397.532,0.0,0.04
5.412,397.532,0.0,0.03
5.413,397.532,0.0,0.031
5.414,397.532,0.0,0.029
5.415,397.532,0.0,0.025
5.416,397.532,0.0,0.032
5.417,397.532,0.0,0.023
5.418,397.532,0.0,0.025
5.419,397.532,0.0,0.025
5.42,397.532,0.0,0.02
5.421,397.532,0.0,0.027
5.422,397.532,0.0,0.02
5.423,397.532,0.0,0.02
5.424,397.532,0.0,0.021
5.425,397.532,0.0,0.018
5.426,397.532,0.0,0.024
5.427,397.532,0.0,0.018
5.428,397.532,0.0,0.019
5.429,397.532,0.0,0.022
5.43,397.532,0.0,0.018
5.431,397.532,0.0,0.023
5.432,397.532,0.0,0.019
5.433,397.532,0.0,0.019
5.434,397.532,0.0,0.022
5.435,397.532,0.0,0.018
5.436,397.532,0.0,0.023
5.437,397.532,0.0,0.019
5.438,397.532,0.0,0.019
5.439,397.532,0.0,0.023
5.44,397.532,0.0,0.019
5.441,397.532,0.0,0.024
5.442,397.532,0.0,0.02
5.443,397.532,0.0,0.02
5.444,397.532,0.0,0.025
5.445,397.532,0.0,0.02
5.446,397.532,0.0,0.025
5.447,397.532,0.0,0.023
5.448,397.532,0.0,0.022
5.449,397.532,0.0,0.027
5.45,397.532,0.0,0.02
5.451,397.532,0.0,0.024
5.452,397.532,0.0,0.023
5.453,397.532,0.0,0.02
5.454,397.532,0.0,0.026
5.455,397.532,0.0,0.02
5.456,397.532,0.0,0.022
5.457,397.532,0.0,0.023
5.458,397.532,0.0,0.022
5.459,397.532,0.0,0.028
5.46,397.532,0.0,0.023
5.461,397.532,0.0,0.025
5.462,397.532,0.0,0.026
5.463,397.532,0.0,0.024
5.464,397.532,0.0,0.03
5.465,397.532,0.0,0.024
5.466,397.532,0.0,0.028
5.467,397.532,0.0,0.03
5.468,397.532,0.0,0.025
5.469,397.532,0.0,0.031
5.47,397.532,0.0,0.025
5.471,397.532,0.0,0.026
5.472,397.532,0.0,0.027
5.473,397.532,0.0,0.022
5.474,397.532,0.0,0.027
5.475,397.532,0.0,0.022
5.476,397.532,0.0,0.022
5.477,397.532,0.0,0.025
5.478,397.532,0.0,0.019
5.479,397.532,0.0,0.023
5.48,397.532,0.0,0.018
5.481,397.532,0.0,0.019
5.482,397.532,0.0,0.023
5.483,397.532,0.0,0.016
5.484,397.532,0.0,0.019
5.485,397.532,0.0,0.016
5.486,397.532,0.0,0.016
5.487,397.532,0.0,0.019
5.488,397.532,0.0,0.013
5.489,397.532,0.0,0.017
5.49,397.532,0.0,0.015
5.491,397.532,0.0,0.013
5.492,397.532,0.0,0.017
5.493,397.532,0.0,0.012
5.494,397.532,0.0,0.013
5.495,397.532,0.0,0.012
5.496,397.532,0.0,0.01
5.497,397.532,0.0,0.014
5.498,397.532,0.0,0.009
5.499,397.532,0.0,0.011
5.5,397.532,0.0,0.011
5.501,397.532,0.0,0.009
5.502,397.532,0.0,0.012
5.503,397.532,0.0,0.008
5.504,397.532,0.0,0.01
5.505,397.532,0.0,0.011
5.506,397.532,0.0,0.008
5.507,397.532,0.0,0.011
5.508,397.532,0.0,0.007
5.509,397.532,0.0,0.008
5.51,397.532,0.0,0.008
5.511,397.532,0.0,0.006
5.512,397.532,0.0,0.008
5.513,397.532,0.0,0.005
5.514,397.532,0.0,0.006
5.515,397.532,0.0,0.006
5.516,397.532,0.0,0.005
5.517,397.532,0.0,0.006
5.518,397.532,0.0,0.007
5.519,397.532,0.0,0.007
5.52,397.532,0.0,0.009
5.521,397.532,0.0,0.01
5.522,397.532,0.0,0.011
5.523,397.532,0.0,0.012
5.524,397.532,0.0,0.013
5.525,397.532,0.0,0.017
5.526,500.84975551020403,0.0,0.02
5.527,500.84975551020403,0.0,0.021
5.528,500.84975551020403,0.0,0.023
5.529,500.84975551020403,0.0,0.024
5.53,500.84975551020403,0.0,0.025
5.531,500.84975551020403,0.0,0.025
5.532,500.84975551020403,0.0,0.027
5.533,500.84975551020403,0.0,0.028
5.534,500.84975551020403,0.0,0.026
5.535,500.84975551020403,0.0,0.027
5.536,500.84975551020403,0.0,0.026
5.537,500.84975551020403,0.0,0.027
5.538,500.84975551020403,0.0,0.028
5.539,500.84975551020403,0.0,0.027
5.54,500.84975551020403,0.0,0.027
5.541,500.84975551020403,0.0,0.025
5.542,500.84975551020403,0.0,0.027
5.543,500.84975551020403,0.0,0.024
5.544,500.84975551020403,0.0,0.025
5.545,500.84975551020403,0.0,0.024
5.546,500.84975551020403,0.0,0.02
5.547,500.84975551020403,0.0,0.02
5.548,500.84975551020403,0.0,0.019
5.549,500.84975551020403,0.0,0.019
5.55,500.84975551020403,0.0,0.018
5.551,500.84975551020403,0.0,0.015
5.552,500.84975551020403,0.0,0.016
5.553,500.84975551020403,0.0,0.015
5.554,500.84975551020403,0.0,0.015
5.555,500.84975551020403,0.0,0.016
5.556,500.84975551020403,0.0,0.014
5.557,500.84975551020403,0.0,0.015
5.558,500.84975551020403,0.0,0.014
5.559,500.84975551020403,0.0,0.014
5.56,500.84975551020403,0.0,0.014
5.561,500.84975551020403,0.0,0.013
5.562,500.84975551020403,0.0,0.014
5.563,500.84975551020403,0.0,0.014
5.564,500.84975551020403,0.0,0.014
5.565,500.84975551020403,0.0,0.015
5.566,500.84975551020403,0.0,0.015
5.567,500.84975551020403,0.0,0.017
5.568,500.84975551020403,0.0,0.017
5.569,500.84975551020403,0.0,0.017
5.57,500.84975551020403,0.0,0.017
5.571,500.84975551020403,0.0,0.017
5.572,500.84975551020403,0.0,0.019
5.573,500.84975551020403,0.0,0.02
5.574,500.84975551020403,0.0,0.022
5.575,500.84975551020403,0.0,0.023
5.576,500.84975551020403,0.0,0.025
5.577,500.84975551020403,0.0,0.027
5.578,500.84975551020403,0.0,0.027
5.579,500.84975551020403,0.0,0.027
5.58,500.84975551020403,0.0,0.027
5.581,500.84975551020403,0.0,0.028
5.582,500.84975551020403,0.0,0.031
5.583,500.84975551020403,0.0,0.031
5.584,500.84975551020403,0.0,0.03
5.585,500.84975551020403,0.0,0.031
5.586,500.84975551020403,0.0,0.031
5.587,500.84975551020403,0.0,0.031
5.588,500.84975551020403,0.0,0.029
5.589,500.84975551020403,0.0,0.027
5.59,500.84975551020403,0.0,0.026
5.591,500.84975551020403,0.0,0.025
5.592,500.84975551020403,0.0,0.025
5.593,500.84975551020403,0.0,0.024
5.594,500.84975551020403,0.0,0.023
5.595,500.84975551020403,0.0,0.023
5.596,500.84975551020403,0.0,0.023
5.597,500.84975551020403,0.0,0.022
5.598,500.84975551020403,0.0,0.022
5.599,500.84975551020403,0.0,0.021
5.6,500.84975551020403,0.0,0.021
5.601,500.84975551020403,0.0,0.021
5.602,500.84975551020403,0.0,0.022
5.603,500.84975551020403,0.0,0.022
5.604,500.84975551020403,0.0,0.021
5.605,500.84975551020403,0.0,0.022
5.606,500.84975551020403,0.0,0.022
5.607,500.84975551020403,0.0,0.024
5.608,500.84975551020403,0.0,0.024
5.609,500.84975551020403,0.0,0.024
5.61,500.84975551020403,0.0,0.027
5.611,500.84975551020403,0.0,0.029
5.612,500.84975551020403,0.0,0.032
5.613,500.84975551020403,0.0,0.031
5.614,500.84975551020403,0.0,0.033
5.615,500.84975551020403,0.0,0.036
5.616,500.84975551020403,0.0,0.039
5.617,500.84975551020403,0.0,0.042
5.618,500.84975551020403,0.0,0.04
5.619,500.84975551020403,0.0,0.042
5.62,500.84975551020403,0.0,0.047
5.621,500.84975551020403,0.0,0.049
5.622,500.84975551020403,0.0,0.052
5.623,500.84975551020403,0.0,0.053
5.624,500.84975551020403,0.0,0.055
5.625,500.84975551020403,0.0,0.062
5.626,500.84975551020403,0.0,0.064
5.627,500.84975551020403,0.0,0.063
5.628,500.84975551020403,0.0,0.059
5.629,500.84975551020403,0.0,0.061
5.63,500.84975551020403,0.0,0.063
5.631,500.84975551020403,0.0,0.065
5.632,500.84975551020403,0.0,0.073
5.633,500.84975551020403,0.0,0.079
5.634,500.84975551020403,0.0,0.084
5.635,500.84975551020403,0.0,0.089
5.636,500.84975551020403,0.0,0.092
5.637,500.84975551020403,0.0,0.096
5.638,500.84975551020403,0.0,0.092
5.639,500.84975551020403,0.0,0.091
5.64,500.84975551020403,0.0,0.097
5.641,500.84975551020403,0.0,0.099
5.642,500.84975551020403,0.0,0.098
5.643,500.84975551020403,0.0,0.092
5.644,500.84975551020403,0.0,0.089
5.645,500.84975551020403,0.0,0.089
5.646,500.84975551020403,0.0,0.083
5.647,500.84975551020403,0.0,0.077
5.648,500.84975551020403,0.0,0.07
5.649,500.84975551020403,0.0,0.068
5.65,500.84975551020403,0.0,0.07
5.651,500.84975551020403,0.0,0.067
5.652,500.84975551020403,0.0,0.066
5.653,500.84975551020403,0.0,0.061
5.654,500.84975551020403,0.0,0.057
5.655,530.6342321428571,0.0,0.053
5.656,530.6342321428571,0.0,0.047
5.657,530.6342321428571,0.0,0.044
5.658,530.6342321428571,0.0,0.038
5.659,530.6342321428571,0.0,0.033
5.66,530.6342321428571,0.0,0.029
5.661,530.6342321428571,0.0,0.025
5.662,530.6342321428571,0.0,0.021
5.663,530.6342321428571,0.0,0.018
5.664,530.6342321428571,0.0,0.016
5.665,530.6342321428571,0.0,0.015
5.666,530.6342321428571,0.0,0.014
5.667,530.6342321428571,0.0,0.013
5.668,530.6342321428571,0.0,0.012
5.669,530.6342321428571,0.0,0.012
5.67,530.6342321428571,0.0,0.012
5.671,530.6342321428571,0.0,0.012
5.672,530.6342321428571,0.0,0.011
5.673,530.6342321428571,0.0,0.011
5.674,530.6342321428571,0.0,0.01
5.675,530.6342321428571,0.0,0.01
5.676,530.6342321428571,0.0,0.01
5.677,530.6342321428571,0.0,0.009
5.678,530.6342321428571,0.0,0.009
5.679,530.6342321428571,0.0,0.009
5.68,530.6342321428571,0.0,0.009
5.681,530.6342321428571,0.0,0.009
5.682,530.6342321428571,0.0,0.008
5.683,530.6342321428571,0.0,0.007
5.684,530.6342321428571,0.0,0.007
5.685,530.6342321428571,0.0,0.006
5.686,530.6342321428571,0.0,0.005
5.687,530.6342321428571,0.0,0.005
5.688,530.6342321428571,0.0,0.004
5.689,530.6342321428571,0.0,0.004
5.69,530.6342321428571,0.0,0.003
5.691,530.6342321428571,0.0,0.003
5.692,530.6342321428571,0.0,0.003
5.693,530.6342321428571,0.0,0.003
5.694,530.6342321428571,0.0,0.003
5.695,530.6342321428571,0.0,0.003
5.696,530.6342321428571,0.0,0.003
5.697,530.6342321428571,0.0,0.003
5.698,530.6342321428571,0.0,0.003
5.699,530.6342321428571,0.0,0.003
5.7,530.6342321428571,0.0,0.003
5.701,530.6342321428571,0.0,0.003
5.702,530.6342321428571,0.0,0.003
5.703,530.6342321428571,0.0,0.003
5.704,530.6342321428571,0.0,0.003
5.705,530.6342321428571,0.0,0.004
5.706,530.6342321428571,0.0,0.004
5.707,530.6342321428571,0.0,0.004
5.708,530.6342321428571,0.0,0.004
5.709,530.6342321428571,0.0,0.004
5.71,530.6342321428571,0.0,0.004
5.711,530.6342321428571,0.0,0.003
5.712,530.6342321428571,0.0,0.003
5.713,530.6342321428571,0.0,0.003
5.714,530.6342321428571,0.0,0.003
5.715,530.6342321428571,0.0,0.002
5.716,530.6342321428571,0.0,0.002
5.717,530.6342321428571,0.0,0.002
5.718,530.6342321428571,0.0,0.002
5.719,530.6342321428571,0.0,0.002
5.72,530.6342321428571,0.0,0.002
5.721,530.6342321428571,0.0,0.002
5.722,530.6342321428571,0.0,0.002
5.723,530.6342321428571,0.0,0.002
5.724,530.6342321428571,0.0,0.002
5.725,530.6342321428571,0.0,0.002
5.726,530.6342321428571,0.0,0.002
5.727,530.6342321428571,0.0,0.002
5.728,530.6342321428571,0.0,0.003
5.729,530.6342321428571,0.0,0.003
5.73,530.6342321428571,0.0,0.003
5.731,530.6342321428571,0.0,0.003
5.732,530.6342321428571,0.0,0.004
5.733,530.6342321428571,0.0,0.004
5.734,530.6342321428571,0.0,0.005
5.735,530.6342321428571,0.0,0.006
5.736,530.6342321428571,0.0,0.007
5.737,530.6342321428571,0.0,0.007
5.738,530.6342321428571,0.0,0.008
5.739,530.6342321428571,0.0,0.009
5.74,530.6342321428571,0.0,0.009
5.741,530.6342321428571,0.0,0.01
5.742,530.6342321428571,0.0,0.011
5.743,530.6342321428571,0.0,0.011
5.744,530.6342321428571,0.0,0.012
5.745,530.6342321428571,0.0,0.013
5.746,530.6342321428571,0.0,0.013
5.747,530.6342321428571,0.0,0.012
5.748,530.6342321428571,0.0,0.012
5.749,530.6342321428571,0.0,0.011
5.75,530.6342321428571,0.0,0.01
5.751,530.6342321428571,0.0,0.009
5.752,530.6342321428571,0.0,0.008
5.753,530.6342321428571,0.0,0.007
5.754,530.6342321428571,0.0,0.006
5.755,530.6342321428571,0.0,0.006
5.756,530.6342321428571,0.0,0.005
5.757,530.6342321428571,0.0,0.005
5.758,530.6342321428571,0.0,0.004
5.759,530.6342321428571,0.0,0.004
5.76,530.6342321428571,0.0,0.004
5.761,530.6342321428571,0.0,0.004
5.762,530.6342321428571,0.0,0.004
5.763,530.6342321428571,0.0,0.004
5.764,530.6342321428571,0.0,0.004
5.765,530.6342321428571,0.0,0.004
5.766,530.6342321428571,0.0,0.004
5.767,530.6342321428571,0.0,0.005
5.768,530.6342321428571,0.0,0.005
5.769,530.6342321428571,0.0,0.006
5.77,530.6342321428571,0.0,0.007
5.771,530.6342321428571,0.0,0.008
5.772,530.6342321428571,0.0,0.008
5.773,530.6342321428571,0.0,0.008
5.774,530.6342321428571,0.0,0.009
5.775,530.6342321428571,0.0,0.009
5.776,530.6342321428571,0.0,0.009
5.777,530.6342321428571,0.0,0.009
5.778,530.6342321428571,0.0,0.009
5.779,530.6342321428571,0.0,0.009
5.78,530.6342321428571,0.0,0.009
5.781,530.6342321428571,0.0,0.009
5.782,530.6342321428571,0.0,0.008
5.783,530.6342321428571,0.0,0.008
5.784,530.6342321428571,0.0,0.007
5.785,530.6342321428571,0.0,0.007
5.786,530.6342321428571,0.0,0.007
5.787,530.6342321428571,0.0,0.006
5.788,530.6342321428571,0.0,0.006
5.789,530.6342321428571,0.0,0.006
5.79,530.6342321428571,0.0,0.006
5.791,530.6342321428571,0.0,0.007
5.792,530.6342321428571,0.0,0.007
5.793,530.6342321428571,0.0,0.007
5.794,530.6342321428571,0.0,0.007
5.795,530.6342321428571,0.0,0.007
5.796,530.6342321428571,0.0,0.008
5.797,530.6342321428571,0.0,0.008
5.798,530.6342321428571,0.0,0.008
5.799,530.6342321428571,0.0,0.008
5.8,530.6342321428571,0.0,0.008
5.801,530.6342321428571,0.0,0.008
5.802,530.6342321428571,0.0,0.009
5.803,530.6342321428571,0.0,0.009
5.804,530.6342321428571,0.0,0.009
5.805,530.6342321428571,0.0,0.009
5.806,530.6342321428571,0.0,0.009
5.807,530.6342321428571,0.0,0.01
5.808,530.6342321428571,0.0,0.01
5.809,530.6342321428571,0.0,0.01
5.81,530.6342321428571,0.0,0.01
5.811,530.6342321428571,0.0,0.01
5.812,530.6342321428571,0.0,0.01
5.813,530.6342321428571,0.0,0.01
5.814,530.6342321428571,0.0,0.01
5.815,530.6342321428571,0.0,0.01
5.816,530.6342321428571,0.0,0.009
5.817,530.6342321428571,0.0,0.009
5.818,530.6342321428571,0.0,0.009
5.819,530.6342321428571,0.0,0.008
5.82,530.6342321428571,0.0,0.007
5.821,530.6342321428571,0.0,0.007
5.822,530.6342321428571,0.0,0.006
5.823,315.520742755102,0.0,0.005
5.824,315.520742755102,0.0,0.005
5.825,315.520742755102,0.0,0.005
5.826,315.520742755102,0.0,0.004
5.827,315.520742755102,0.0,0.004
5.828,315.520742755102,0.0,0.004
5.829,315.520742755102,0.0,0.004
5.83,315.520742755102,0.0,0.005
5.831,315.520742755102,0.0,0.005
5.832,315.520742755102,0.0,0.005
5.833,315.520742755102,0.0,0.006
5.834,315.520742755102,0.0,0.005
5.835,315.520742755102,0.0,0.006
5.836,315.520742755102,0.0,0.007
5.837,315.520742755102,0.0,0.006
5.838,315.520742755102,0.0,0.005
5.839,315.520742755102,0.0,0.005
5.84,315.520742755102,0.0,0.005
5.841,315.520742755102,0.0,0.004
5.842,315.520742755102,0.0,0.005
5.843,315.520742755102,0.0,0.005
5.844,315.520742755102,0.0,0.004
5.845,315.520742755102,0.0,0.005
5.846,315.520742755102,0.0,0.006
5.847,315.520742755102,0.0,0.006
5.848,315.520742755102,0.0,0.006
5.849,315.520742755102,0.0,0.008
5.85,315.520742755102,0.0,0.009
5.851,315.520742755102,0.0,0.009
5.852,315.520742755102,0.0,0.012
5.853,315.520742755102,0.0,0.011
5.854,315.520742755102,0.0,0.011
5.855,315.520742755102,0.0,0.012
5.856,315.520742755102,0.0,0.012
5.857,315.520742755102,0.0,0.012
5.858,315.520742755102,0.0,0.012
5.859,315.520742755102,0.0,0.012
5.86,315.520742755102,0.0,0.012
5.861,315.520742755102,0.0,0.012
5.862,315.520742755102,0.0,0.013
5.863,315.520742755102,0.0,0.013
5.864,315.520742755102,0.0,0.014
5.865,315.520742755102,0.0,0.02
5.866,315.520742755102,0.0,0.023
5.867,315.520742755102,0.0,0.025
5.868,315.520742755102,0.0,0.035
5.869,315.520742755102,0.0,0.039
5.87,315.520742755102,0.0,0.042
5.871,315.520742755102,0.0,0.058
5.872,315.520742755102,0.0,0.064
5.873,315.520742755102,0.0,0.065
5.874,315.520742755102,0.0,0.079
5.875,315.520742755102,0.0,0.085
5.876,315.520742755102,0.0,0.078
5.877,315.520742755102,0.0,0.082
5.878,315.520742755102,0.0,0.082
5.879,315.520742755102,0.0,0.074
5.88,315.520742755102,0.0,0.077
5.881,315.520742755102,0.0,0.09
5.882,315.520742755102,0.0,0.082
5.883,315.520742755102,0.0,0.082
5.884,315.520742755102,0.0,0.096
5.885,315.520742755102,0.0,0.091
5.886,315.520742755102,0.0,0.091
5.887,315.520742755102,0.0,0.097
5.888,315.520742755102,0.0,0.094
5.889,315.520742755102,0.0,0.098
5.89,315.520742755102,0.0,0.101
5.891,315.520742755102,0.0,0.102
5.892,315.520742755102,0.0,0.098
5.893,315.520742755102,0.0,0.103
5.894,315.520742755102,0.0,0.111
5.895,315.520742755102,0.0,0.095
5.896,315.520742755102,0.0,0.099
5.897,315.520742755102,0.0,0.113
5.898,315.520742755102,0.0,0.097
5.899,315.520742755102,0.0,0.104
5.9,315.520742755102,0.0,0.114
5.901,315.520742755102,0.0,0.102
5.902,315.520742755102,0.0,0.108
5.903,315.520742755102,0.0,0.116
5.904,315.520742755102,0.0,0.109
5.905,315.520742755102,0.0,0.106
5.906,315.520742755102,0.0,0.121
5.907,315.520742755102,0.0,0.12
5.908,315.520742755102,0.0,0.1
5.909,315.520742755102,0.0,0.117
5.91,315.520742755102,0.0,0.126
5.911,315.520742755102,0.0,0.09
5.912,315.520742755102,0.0,0.094
5.913,315.520742755102,0.0,0.105
5.914,315.520742755102,0.0,0.076
5.915,315.520742755102,0.0,0.075
5.916,315.520742755102,0.0,0.081
5.917,315.520742755102,0.0,0.069
5.918,315.520742755102,0.0,0.06
5.919,315.520742755102,0.0,0.056
5.92,315.520742755102,0.0,0.047
5.921,315.520742755102,0.0,0.036
5.922,315.520742755102,0.0,0.032
5.923,315.520742755102,0.0,0.028
5.924,315.520742755102,0.0,0.02
5.925,315.520742755102,0.0,0.017
5.926,315.520742755102,0.0,0.018
5.927,315.520742755102,0.0,0.014
5.928,315.520742755102,0.0,0.012
5.929,315.520742755102,0.0,0.013
5.93,315.520742755102,0.0,0.012
5.931,315.520742755102,0.0,0.009
5.932,315.520742755102,0.0,0.008
5.933,315.520742755102,0.0,0.007
5.934,315.520742755102,0.0,0.005
5.935,315.520742755102,0.0,0.004
5.936,315.520742755102,0.0,0.005
5.937,315.520742755102,0.0,0.005
5.938,315.520742755102,0.0,0.005
5.939,315.520742755102,0.0,0.005
5.94,315.520742755102,0.0,0.006
5.941,315.520742755102,0.0,0.006
5.942,315.520742755102,0.0,0.006
5.943,315.520742755102,0.0,0.006
5.944,315.520742755102,0.0,0.008
5.945,315.520742755102,0.0,0.008
5.946,315.520742755102,0.0,0.008
5.947,315.520742755102,0.0,0.009
5.948,315.520742755102,0.0,0.01
5.949,315.520742755102,0.0,0.009
5.95,315.520742755102,0.0,0.01
5.951,315.520742755102,0.0,0.011
5.952,315.520742755102,0.0,0.01
5.953,315.520742755102,0.0,0.01
5.954,315.520742755102,0.0,0.012
5.955,315.520742755102,0.0,0.013
5.956,315.520742755102,0.0,0.011
5.957,315.520742755102,0.0,0.014
5.958,315.520742755102,0.0,0.016
5.959,315.520742755102,0.0,0.014
5.96,315.520742755102,0.0,0.018
5.961,315.520742755102,0.0,0.02
5.962,315.520742755102,0.0,0.018
5.963,315.520742755102,0.0,0.018
5.964,315.520742755102,0.0,0.021
5.965,315.520742755102,0.0,0.021
5.966,315.520742755102,0.0,0.018
5.967,315.520742755102,0.0,0.021
5.968,315.520742755102,0.0,0.021
5.969,315.520742755102,0.0,0.016
5.97,315.520742755102,0.0,0.018
5.971,315.520742755102,0.0,0.016
5.972,315.520742755102,0.0,0.014
5.973,315.520742755102,0.0,0.014
5.974,315.520742755102,0.0,0.014
5.975,315.520742755102,0.0,0.013
5.976,315.520742755102,0.0,0.01
5.977,315.520742755102,0.0,0.011
5.978,315.520742755102,0.0,0.01
5.979,315.520742755102,0.0,0.008
5.98,315.520742755102,0.0,0.007
5.981,315.520742755102,0.0,0.007
5.982,315.520742755102,0.0,0.006
5.983,315.520742755102,0.0,0.005
5.984,315.520742755102,0.0,0.005
5.985,315.520742755102,0.0,0.005
5.986,315.520742755102,0.0,0.005
5.987,315.520742755102,0.0,0.005
5.988,315.520742755102,0.0,0.005
5.989,315.520742755102,0.0,0.004
5.99,315.520742755102,0.0,0.005
5.991,315.520742755102,0.0,0.005
5.992,315.520742755102,0.0,0.005
5.993,315.520742755102,0.0,0.005
5.994,315.520742755102,0.0,0.005
5.995,315.520742755102,0.0,0.005
5.996,530.6342321428571,0.0,0.005
5.997,530.6342321428571,0.0,0.004
5.998,530.6342321428571,0.0,0.004
5.999,530.6342321428571,0.0,0.004
6.0,530.6342321428571,0.0,0.004
6.001,530.6342321428571,0.0,0.004
6.002,530.6342321428571,0.0,0.003
6.003,530.6342321428571,0.0,0.003
6.004,530.6342321428571,0.0,0.003
6.005,530.6342321428571,0.0,0.003
6.006,530.6342321428571,0.0,0.003
6.007,530.6342321428571,0.0,0.003
6.008,530.6342321428571,0.0,0.004
6.009,530.6342321428571,0.0,0.003
6.01,530.6342321428571,0.0,0.003
6.011,530.6342321428571,0.0,0.003
6.012,530.6342321428571,0.0,0.003
6.013,530.6342321428571,0.0,0.003
6.014,530.6342321428571,0.0,0.003
6.015,530.6342321428571,0.0,0.003
6.016,530.6342321428571,0.0,0.003
6.017,530.6342321428571,0.0,0.003
6.018,530.6342321428571,0.0,0.002
6.019,530.6342321428571,0.0,0.002
6.02,530.6342321428571,0.0,0.002
6.021,530.6342321428571,0.0,0.002
6.022,530.6342321428571,0.0,0.002
6.023,530.6342321428571,0.0,0.002
6.024,530.6342321428571,0.0,0.002
6.025,530.6342321428571,0.0,0.002
6.026,530.6342321428571,0.0,0.002
6.027,530.6342321428571,0.0,0.002
6.028,530.6342321428571,0.0,0.002
6.029,530.6342321428571,0.0,0.002
6.03,530.6342321428571,0.0,0.003
6.031,530.6342321428571,0.0,0.003
6.032,530.6342321428571,0.0,0.003
6.033,530.6342321428571,0.0,0.004
6.034,530.6342321428571,0.0,0.004
6.035,530.6342321428571,0.0,0.004
6.036,530.6342321428571,0.0,0.005
6.037,530.6342321428571,0.0,0.005
6.038,530.6342321428571,0.0,0.006
6.039,530.6342321428571,0.0,0.006
6.04,530.6342321428571,0.0,0.007
6.041,530.6342321428571,0.0,0.007
6.042,530.6342321428571,0.0,0.008
6.043,530.6342321428571,0.0,0.008
6.044,530.6342321428571,0.0,0.008
6.045,530.6342321428571,0.0,0.008
6.046,530.6342321428571,0.0,0.007
6.047,530.6342321428571,0.0,0.007
6.048,530.6342321428571,0.0,0.007
6.049,530.6342321428571,0.0,0.006
6.05,530.6342321428571,0.0,0.006
6.051,530.6342321428571,0.0,0.005
6.052,530.6342321428571,0.0,0.004
6.053,530.6342321428571,0.0,0.004
6.054,530.6342321428571,0.0,0.004
6.055,530.6342321428571,0.0,0.003
6.056,530.6342321428571,0.0,0.003
6.057,530.6342321428571,0.0,0.003
6.058,530.6342321428571,0.0,0.003
6.059,530.6342321428571,0.0,0.002
6.06,530.6342321428571,0.0,0.002
6.061,530.6342321428571,0.0,0.002
6.062,530.6342321428571,0.0,0.002
6.063,530.6342321428571,0.0,0.002
6.064,530.6342321428571,0.0,0.001
6.065,530.6342321428571,0.0,0.001
6.066,530.6342321428571,0.0,0.001
6.067,530.6342321428571,0.0,0.001
6.068,530.6342321428571,0.0,0.002
6.069,530.6342321428571,0.0,0.002
6.07,530.6342321428571,0.0,0.002
6.071,530.6342321428571,0.0,0.002
6.072,530.6342321428571,0.0,0.002
6.073,530.6342321428571,0.0,0.002
6.074,530.6342321428571,0.0,0.002
6.075,530.6342321428571,0.0,0.003
6.076,530.6342321428571,0.0,0.003
6.077,530.6342321428571,0.0,0.003
6.078,530.6342321428571,0.0,0.003
6.079,530.6342321428571,0.0,0.004
6.08,530.6342321428571,0.0,0.004
6.081,530.6342321428571,0.0,0.004
6.082,530.6342321428571,0.0,0.005
6.083,530.6342321428571,0.0,0.006
6.084,530.6342321428571,0.0,0.006
6.085,530.6342321428571,0.0,0.008
6.086,530.6342321428571,0.0,0.009
6.087,530.6342321428571,0.0,0.01
6.088,530.6342321428571,0.0,0.01
6.089,530.6342321428571,0.0,0.011
6.09,530.6342321428571,0.0,0.012
6.091,530.6342321428571,0.0,0.013
6.092,530.6342321428571,0.0,0.013
6.093,530.6342321428571,0.0,0.014
6.094,530.6342321428571,0.0,0.015
6.095,530.6342321428571,0.0,0.016
6.096,530.6342321428571,0.0,0.016
6.097,530.6342321428571,0.0,0.016
6.098,530.6342321428571,0.0,0.016
6.099,530.6342321428571,0.0,0.016
6.1,530.6342321428571,0.0,0.016
6.101,530.6342321428571,0.0,0.017
6.102,530.6342321428571,0.0,0.018
6.103,530.6342321428571,0.0,0.019
6.104,530.6342321428571,0.0,0.019
6.105,530.6342321428571,0.0,0.019
6.106,530.6342321428571,0.0,0.019
6.107,530.6342321428571,0.0,0.018
6.108,530.6342321428571,0.0,0.017
6.109,530.6342321428571,0.0,0.017
6.11,530.6342321428571,0.0,0.016
6.111,530.6342321428571,0.0,0.016
6.112,530.6342321428571,0.0,0.014
6.113,530.6342321428571,0.0,0.014
6.114,530.6342321428571,0.0,0.012
6.115,530.6342321428571,0.0,0.011
6.116,530.6342321428571,0.0,0.011
6.117,530.6342321428571,0.0,0.01
6.118,530.6342321428571,0.0,0.01
6.119,530.6342321428571,0.0,0.01
6.12,530.6342321428571,0.0,0.01
6.121,530.6342321428571,0.0,0.01
6.122,530.6342321428571,0.0,0.009
6.123,530.6342321428571,0.0,0.01
6.124,530.6342321428571,0.0,0.009
6.125,530.6342321428571,0.0,0.009
6.126,530.6342321428571,0.0,0.009
6.127,530.6342321428571,0.0,0.01
6.128,530.6342321428571,0.0,0.01
6.129,500.84975551020403,0.0,0.011
6.13,500.84975551020403,0.0,0.011
6.131,500.84975551020403,0.0,0.011
6.132,500.84975551020403,0.0,0.012
6.133,500.84975551020403,0.0,0.013
6.134,500.84975551020403,0.0,0.013
6.135,500.84975551020403,0.0,0.014
6.136,500.84975551020403,0.0,0.015
6.137,500.84975551020403,0.0,0.016
6.138,500.84975551020403,0.0,0.017
6.139,500.84975551020403,0.0,0.018
6.14,500.84975551020403,0.0,0.019
6.141,500.84975551020403,0.0,0.019
6.142,500.84975551020403,0.0,0.02
6.143,500.84975551020403,0.0,0.019
6.144,500.84975551020403,0.0,0.018
6.145,500.84975551020403,0.0,0.018
6.146,500.84975551020403,0.0,0.018
6.147,500.84975551020403,0.0,0.017
6.148,500.84975551020403,0.0,0.017
6.149,500.84975551020403,0.0,0.017
6.15,500.84975551020403,0.0,0.016
6.151,500.84975551020403,0.0,0.015
6.152,500.84975551020403,0.0,0.015
6.153,500.84975551020403,0.0,0.015
6.154,500.84975551020403,0.0,0.014
6.155,500.84975551020403,0.0,0.014
6.156,500.84975551020403,0.0,0.013
6.157,500.84975551020403,0.0,0.013
6.158,500.84975551020403,0.0,0.013
6.159,500.84975551020403,0.0,0.012
6.16,500.84975551020403,0.0,0.011
6.161,500.84975551020403,0.0,0.011
6.162,500.84975551020403,0.0,0.012
6.163,500.84975551020403,0.0,0.011
6.164,500.84975551020403,0.0,0.011
6.165,500.84975551020403,0.0,0.011
6.166,500.84975551020403,0.0,0.01
6.167,500.84975551020403,0.0,0.01
6.168,500.84975551020403,0.0,0.01
6.169,500.84975551020403,0.0,0.01
6.17,500.84975551020403,0.0,0.009
6.171,500.84975551020403,0.0,0.009
6.172,500.84975551020403,0.0,0.009
6.173,500.84975551020403,0.0,0.008
6.174,500.84975551020403,0.0,0.008
6.175,500.84975551020403,0.0,0.008
6.176,500.84975551020403,0.0,0.008
6.177,500.84975551020403,0.0,0.008
6.178,500.84975551020403,0.0,0.009
6.179,500.84975551020403,0.0,0.009
6.18,500.84975551020403,0.0,0.009
6.181,500.84975551020403,0.0,0.01
6.182,500.84975551020403,0.0,0.01
6.183,500.84975551020403,0.0,0.011
6.184,500.84975551020403,0.0,0.012
6.185,500.84975551020403,0.0,0.013
6.186,500.84975551020403,0.0,0.014
6.187,500.84975551020403,0.0,0.016
6.188,500.84975551020403,0.0,0.017
6.189,500.84975551020403,0.0,0.018
6.19,500.84975551020403,0.0,0.02
6.191,500.84975551020403,0.0,0.022
6.192,500.84975551020403,0.0,0.022
6.193,500.84975551020403,0.0,0.024
6.194,500.84975551020403,0.0,0.027
6.195,500.84975551020403,0.0,0.028
6.196,500.84975551020403,0.0,0.029
6.197,500.84975551020403,0.0,0.032
6.198,500.84975551020403,0.0,0.032
6.199,500.84975551020403,0.0,0.033
6.2,500.84975551020403,0.0,0.035
6.201,500.84975551020403,0.0,0.034
6.202,500.84975551020403,0.0,0.035
6.203,500.84975551020403,0.0,0.038
6.204,500.84975551020403,0.0,0.039
6.205,500.84975551020403,0.0,0.038
6.206,500.84975551020403,0.0,0.04
6.207,500.84975551020403,0.0,0.041
6.208,500.84975551020403,0.0,0.041
6.209,500.84975551020403,0.0,0.043
6.21,500.84975551020403,0.0,0.044
6.211,500.84975551020403,0.0,0.041
6.212,500.84975551020403,0.0,0.042
6.213,500.84975551020403,0.0,0.043
6.214,500.84975551020403,0.0,0.041
6.215,500.84975551020403,0.0,0.039
6.216,500.84975551020403,0.0,0.039
6.217,500.84975551020403,0.0,0.038
6.218,500.84975551020403,0.0,0.037
6.219,500.84975551020403,0.0,0.039
6.22,500.84975551020403,0.0,0.04
6.221,500.84975551020403,0.0,0.036
6.222,500.84975551020403,0.0,0.037
6.223,500.84975551020403,0.0,0.038
6.224,500.84975551020403,0.0,0.034
6.225,500.84975551020403,0.0,0.034
6.226,500.84975551020403,0.0,0.034
6.227,500.84975551020403,0.0,0.031
6.228,500.84975551020403,0.0,0.03
6.229,500.84975551020403,0.0,0.03
6.23,500.84975551020403,0.0,0.027
6.231,500.84975551020403,0.0,0.024
6.232,500.84975551020403,0.0,0.025
6.233,500.84975551020403,0.0,0.023
6.234,500.84975551020403,0.0,0.02
6.235,500.84975551020403,0.0,0.021
6.236,500.84975551020403,0.0,0.02
6.237,500.84975551020403,0.0,0.018
6.238,500.84975551020403,0.0,0.019
6.239,500.84975551020403,0.0,0.02
6.24,500.84975551020403,0.0,0.019
6.241,500.84975551020403,0.0,0.02
6.242,500.84975551020403,0.0,0.021
6.243,500.84975551020403,0.0,0.021
6.244,500.84975551020403,0.0,0.023
6.245,500.84975551020403,0.0,0.025
6.246,500.84975551020403,0.0,0.024
6.247,500.84975551020403,0.0,0.026
6.248,500.84975551020403,0.0,0.029
6.249,500.84975551020403,0.0,0.029
6.25,500.84975551020403,0.0,0.032
6.251,500.84975551020403,0.0,0.037
6.252,500.84975551020403,0.0,0.04
6.253,500.84975551020403,0.0,0.044
6.254,500.84975551020403,0.0,0.054
6.255,500.84975551020403,0.0,0.058
6.256,500.84975551020403,0.0,0.06
6.257,500.84975551020403,0.0,0.066
6.258,500.84975551020403,0.0,0.07
6.259,500.84975551020403,0.0,0.07
6.26,500.84975551020403,0.0,0.075
6.261,500.84975551020403,0.0,0.079
6.262,500.84975551020403,0.0,0.076
6.263,500.84975551020403,0.0,0.075
6.264,500.84975551020403,0.0,0.08
6.265,500.84975551020403,0.0,0.079
6.266,500.84975551020403,0.0,0.075
6.267,500.84975551020403,0.0,0.082
6.268,500.84975551020403,0.0,0.083
6.269,500.84975551020403,0.0,0.08
6.27,500.84975551020403,0.0,0.083
6.271,446.209387755102,0.0,0.084
6.272,446.209387755102,0.0,0.074
6.273,446.209387755102,0.0,0.072
6.274,446.209387755102,0.0,0.073
6.275,446.209387755102,0.0,0.066
6.276,446.209387755102,0.0,0.064
6.277,446.209387755102,0.0,0.063
6.278,446.209387755102,0.0,0.055
6.279,446.209387755102,0.0,0.048
6.28,446.209387755102,0.0,0.046
6.281,446.209387755102,0.0,0.039
6.282,446.209387755102,0.0,0.033
6.283,446.209387755102,0.0,0.031
6.284,446.209387755102,0.0,0.029
6.285,446.209387755102,0.0,0.026
6.286,446.209387755102,0.0,0.023
6.287,446.209387755102,0.0,0.02
6.288,446.209387755102,0.0,0.018
6.289,446.209387755102,0.0,0.015
6.29,446.209387755102,0.0,0.013
6.291,446.209387755102,0.0,0.012
6.292,446.209387755102,0.0,0.011
6.293,446.209387755102,0.0,0.01
6.294,446.209387755102,0.0,0.01
6.295,446.209387755102,0.0,0.009
6.296,446.209387755102,0.0,0.009
6.297,446.209387755102,0.0,0.009
6.298,446.209387755102,0.0,0.009
6.299,446.209387755102,0.0,0.009
6.3,446.209387755102,0.0,0.008
6.301,446.209387755102,0.0,0.008
6.302,446.209387755102,0.0,0.008
6.303,446.209387755102,0.0,0.008
6.304,446.209387755102,0.0,0.008
6.305,446.209387755102,0.0,0.008
6.306,446.209387755102,0.0,0.007
6.307,446.209387755102,0.0,0.007
6.308,446.209387755102,0.0,0.007
6.309,446.209387755102,0.0,0.008
6.31,446.209387755102,0.0,0.008
6.311,446.209387755102,0.0,0.009
6.312,446.209387755102,0.0,0.01
6.313,446.209387755102,0.0,0.01
6.314,446.209387755102,0.0,0.011
6.315,446.209387755102,0.0,0.011
6.316,446.209387755102,0.0,0.012
6.317,446.209387755102,0.0,0.013
6.318,446.209387755102,0.0,0.015
6.319,446.209387755102,0.0,0.017
6.32,446.209387755102,0.0,0.02
6.321,446.209387755102,0.0,0.023
6.322,446.209387755102,0.0,0.027
6.323,446.209387755102,0.0,0.03
6.324,446.209387755102,0.0,0.034
6.325,446.209387755102,0.0,0.04
6.326,446.209387755102,0.0,0.046
6.327,446.209387755102,0.0,0.05
6.328,446.209387755102,0.0,0.058
6.329,446.209387755102,0.0,0.068
6.33,446.209387755102,0.0,0.08
6.331,446.209387755102,0.0,0.089
6.332,446.209387755102,0.0,0.097
6.333,446.209387755102,0.0,0.101
6.334,446.209387755102,0.0,0.102
6.335,446.209387755102,0.0,0.104
6.336,446.209387755102,0.0,0.103
6.337,446.209387755102,0.0,0.103
6.338,446.209387755102,0.0,0.099
6.339,446.209387755102,0.0,0.095
6.34,446.209387755102,0.0,0.095
6.341,446.209387755102,0.0,0.089
6.342,446.209387755102,0.0,0.084
6.343,446.209387755102,0.0,0.081
6.344,446.209387755102,0.0,0.08
6.345,446.209387755102,0.0,0.075
6.346,446.209387755102,0.0,0.07
6.347,446.209387755102,0.0,0.069
6.348,446.209387755102,0.0,0.068
6.349,446.209387755102,0.0,0.066
6.35,446.209387755102,0.0,0.065
6.351,446.209387755102,0.0,0.066
6.352,446.209387755102,0.0,0.065
6.353,446.209387755102,0.0,0.069
6.354,446.209387755102,0.0,0.073
6.355,446.209387755102,0.0,0.076
6.356,446.209387755102,0.0,0.081
6.357,446.209387755102,0.0,0.081
6.358,446.209387755102,0.0,0.078
6.359,446.209387755102,0.0,0.073
6.36,446.209387755102,0.0,0.069
6.361,446.209387755102,0.0,0.061
6.362,446.209387755102,0.0,0.057
6.363,446.209387755102,0.0,0.052
6.364,446.209387755102,0.0,0.046
6.365,446.209387755102,0.0,0.04
6.366,446.209387755102,0.0,0.035
6.367,446.209387755102,0.0,0.032
6.368,446.209387755102,0.0,0.027
6.369,446.209387755102,0.0,0.023
6.37,446.209387755102,0.0,0.02
6.371,446.209387755102,0.0,0.018
6.372,446.209387755102,0.0,0.016
6.373,446.209387755102,0.0,0.014
6.374,446.209387755102,0.0,0.012
6.375,446.209387755102,0.0,0.01
6.376,446.209387755102,0.0,0.009
6.377,446.209387755102,0.0,0.008
6.378,446.209387755102,0.0,0.007
6.379,446.209387755102,0.0,0.006
6.38,446.209387755102,0.0,0.005
6.381,446.209387755102,0.0,0.004
6.382,446.209387755102,0.0,0.003
6.383,446.209387755102,0.0,0.002
6.384,446.209387755102,0.0,0.002
6.385,446.209387755102,0.0,0.002
6.386,446.209387755102,0.0,0.002
6.387,446.209387755102,0.0,0.002
6.388,446.209387755102,0.0,0.002
6.389,446.209387755102,0.0,0.002
6.39,446.209387755102,0.0,0.003
6.391,446.209387755102,0.0,0.003
6.392,446.209387755102,0.0,0.003
6.393,446.209387755102,0.0,0.004
6.394,446.209387755102,0.0,0.004
6.395,446.209387755102,0.0,0.004
6.396,446.209387755102,0.0,0.005
6.397,446.209387755102,0.0,0.005
6.398,446.209387755102,0.0,0.005
6.399,446.209387755102,0.0,0.005
6.4,446.209387755102,0.0,0.006
6.401,446.209387755102,0.0,0.007
6.402,446.209387755102,0.0,0.009
6.403,446.209387755102,0.0,0.01
6.404,446.209387755102,0.0,0.011
6.405,446.209387755102,0.0,0.012
6.406,446.209387755102,0.0,0.012
6.407,446.209387755102,0.0,0.012
6.408,446.209387755102,0.0,0.012
6.409,446.209387755102,0.0,0.011
6.41,446.209387755102,0.0,0.01
6.411,446.209387755102,0.0,0.008
6.412,446.209387755102,0.0,0.007
6.413,446.209387755102,0.0,0.006
6.414,446.209387755102,0.0,0.005
6.415,446.209387755102,0.0,0.004
6.416,446.209387755102,0.0,0.004
6.417,446.209387755102,0.0,0.004
6.418,446.209387755102,0.0,0.004
6.419,446.209387755102,0.0,0.004
6.42,446.209387755102,0.0,0.005
6.421,446.209387755102,0.0,0.005
6.422,446.209387755102,0.0,0.005
6.423,446.209387755102,0.0,0.006
6.424,446.209387755102,0.0,0.007
6.425,446.209387755102,0.0,0.007
6.426,446.209387755102,0.0,0.007
6.427,446.209387755102,0.0,0.007
6.428,446.209387755102,0.0,0.008
6.429,446.209387755102,0.0,0.008
6.43,446.209387755102,0.0,0.009
6.431,446.209387755102,0.0,0.01
6.432,446.209387755102,0.0,0.013
6.433,446.209387755102,0.0,0.016
6.434,446.209387755102,0.0,0.018
6.435,446.209387755102,0.0,0.022
6.436,446.209387755102,0.0,0.025
6.437,397.532,0.0,0.031
6.438,397.532,0.0,0.035
6.439,397.532,0.0,0.034
6.44,397.532,0.0,0.039
6.441,397.532,0.0,0.036
6.442,397.532,0.0,0.033
6.443,397.532,0.0,0.034
6.444,397.532,0.0,0.031
6.445,397.532,0.0,0.03
6.446,397.532,0.0,0.027
6.447,397.532,0.0,0.026
6.448,397.532,0.0,0.026
6.449,397.532,0.0,0.025
6.45,397.532,0.0,0.025
6.451,397.532,0.0,0.023
6.452,397.532,0.0,0.02
6.453,397.532,0.0,0.02
6.454,397.532,0.0,0.02
6.455,397.532,0.0,0.02
6.456,397.532,0.0,0.02
6.457,397.532,0.0,0.018
6.458,397.532,0.0,0.022
6.459,397.532,0.0,0.02
6.46,397.532,0.0,0.021
6.461,397.532,0.0,0.021
6.462,397.532,0.0,0.017
6.463,397.532,0.0,0.02
6.464,397.532,0.0,0.017
6.465,397.532,0.0,0.014
6.466,397.532,0.0,0.013
6.467,397.532,0.0,0.009
6.468,397.532,0.0,0.01
6.469,397.532,0.0,0.007
6.47,397.532,0.0,0.006
6.471,397.532,0.0,0.006
6.472,397.532,0.0,0.006
6.473,397.532,0.0,0.005
6.474,397.532,0.0,0.006
6.475,397.532,0.0,0.006
6.476,397.532,0.0,0.005
6.477,397.532,0.0,0.006
6.478,397.532,0.0,0.006
6.479,397.532,0.0,0.006
6.48,397.532,0.0,0.007
6.481,397.532,0.0,0.006
6.482,397.532,0.0,0.007
6.483,397.532,0.0,0.007
6.484,397.532,0.0,0.007
6.485,397.532,0.0,0.008
6.486,397.532,0.0,0.007
6.487,397.532,0.0,0.008
6.488,397.532,0.0,0.009
6.489,397.532,0.0,0.009
6.49,397.532,0.0,0.01
6.491,397.532,0.0,0.009
6.492,397.532,0.0,0.01
6.493,397.532,0.0,0.01
6.494,397.532,0.0,0.009
6.495,397.532,0.0,0.011
6.496,397.532,0.0,0.009
6.497,397.532,0.0,0.011
6.498,397.532,0.0,0.011
6.499,397.532,0.0,0.01
6.5,397.532,0.0,0.012
6.501,397.532,0.0,0.009
6.502,397.532,0.0,0.01
6.503,397.532,0.0,0.009
6.504,397.532,0.0,0.008
6.505,397.532,0.0,0.009
6.506,397.532,0.0,0.01
6.507,397.532,0.0,0.008
6.508,397.532,0.0,0.009
6.509,397.532,0.0,0.009
6.51,397.532,0.0,0.009
6.511,397.532,0.0,0.009
6.512,397.532,0.0,0.008
6.513,397.532,0.0,0.007
6.514,397.532,0.0,0.007
6.515,397.532,0.0,0.008
6.516,397.532,0.0,0.007
6.517,397.532,0.0,0.008
6.518,397.532,0.0,0.009
6.519,397.532,0.0,0.008
6.52,397.532,0.0,0.012
6.521,397.532,0.0,0.01
6.522,397.532,0.0,0.012
6.523,397.532,0.0,0.013
6.524,397.532,0.0,0.012
6.525,397.532,0.0,0.016
6.526,397.532,0.0,0.015
6.527,397.532,0.0,0.017
6.528,397.532,0.0,0.02
6.529,397.532,0.0,0.016
6.53,397.532,0.0,0.021
6.531,397.532,0.0,0.018
6.532,397.532,0.0,0.019
6.533,397.532,0.0,0.021
6.534,397.532,0.0,0.017
6.535,397.532,0.0,0.019
6.536,397.532,0.0,0.016
6.537,397.532,0.0,0.015
6.538,397.532,0.0,0.015
6.539,397.532,0.0,0.011
6.54,397.532,0.0,0.012
6.541,397.532,0.0,0.011
6.542,397.532,0.0,0.009
6.543,397.532,0.0,0.01
6.544,397.532,0.0,0.008
6.545,397.532,0.0,0.009
6.546,397.532,0.0,0.008
6.547,397.532,0.0,0.007
6.548,397.532,0.0,0.009
6.549,397.532,0.0,0.009
6.55,397.532,0.0,0.009
6.551,397.532,0.0,0.011
6.552,397.532,0.0,0.009
6.553,397.532,0.0,0.01
6.554,397.532,0.0,0.01
6.555,397.532,0.0,0.01
6.556,397.532,0.0,0.013
6.557,397.532,0.0,0.011
6.558,397.532,0.0,0.012
6.559,397.532,0.0,0.013
6.56,397.532,0.0,0.012
6.561,397.532,0.0,0.015
6.562,397.532,0.0,0.013
6.563,397.532,0.0,0.014
6.564,397.532,0.0,0.016
6.565,397.532,0.0,0.016
6.566,397.532,0.0,0.019
6.567,397.532,0.0,0.021
6.568,397.532,0.0,0.025
6.569,397.532,0.0,0.024
6.57,397.532,0.0,0.027
6.571,397.532,0.0,0.026
6.572,397.532,0.0,0.025
6.573,397.532,0.0,0.029
6.574,397.532,0.0,0.027
6.575,397.532,0.0,0.026
6.576,397.532,0.0,0.026
6.577,397.532,0.0,0.027
6.578,397.532,0.0,0.028
6.579,397.532,0.0,0.025
6.58,397.532,0.0,0.024
6.581,397.532,0.0,0.024
6.582,397.532,0.0,0.022
6.583,500.84975551020403,0.0,0.023
6.584,500.84975551020403,0.0,0.022
6.585,500.84975551020403,0.0,0.022
6.586,500.84975551020403,0.0,0.024
6.587,500.84975551020403,0.0,0.025
6.588,500.84975551020403,0.0,0.027
6.589,500.84975551020403,0.0,0.027
6.59,500.84975551020403,0.0,0.028
6.591,500.84975551020403,0.0,0.027
6.592,500.84975551020403,0.0,0.026
6.593,500.84975551020403,0.0,0.032
6.594,500.84975551020403,0.0,0.037
6.595,500.84975551020403,0.0,0.038
6.596,500.84975551020403,0.0,0.039
6.597,500.84975551020403,0.0,0.04
6.598,500.84975551020403,0.0,0.045
6.599,500.84975551020403,0.0,0.046
6.6,500.84975551020403,0.0,0.042
6.601,500.84975551020403,0.0,0.043
6.602,500.84975551020403,0.0,0.043
6.603,500.84975551020403,0.0,0.043
6.604,500.84975551020403,0.0,0.037
6.605,500.84975551020403,0.0,0.033
6.606,500.84975551020403,0.0,0.034
6.607,500.84975551020403,0.0,0.032
6.608,500.84975551020403,0.0,0.031
6.609,500.84975551020403,0.0,0.029
6.61,500.84975551020403,0.0,0.027
6.611,500.84975551020403,0.0,0.026
6.612,500.84975551020403,0.0,0.023
6.613,500.84975551020403,0.0,0.023
6.614,500.84975551020403,0.0,0.021
6.615,500.84975551020403,0.0,0.018
6.616,500.84975551020403,0.0,0.017
6.617,500.84975551020403,0.0,0.016
6.618,500.84975551020403,0.0,0.018
6.619,500.84975551020403,0.0,0.017
6.62,500.84975551020403,0.0,0.014
6.621,500.84975551020403,0.0,0.015
6.622,500.84975551020403,0.0,0.014
6.623,500.84975551020403,0.0,0.015
6.624,500.84975551020403,0.0,0.015
6.625,500.84975551020403,0.0,0.013
6.626,500.84975551020403,0.0,0.014
6.627,500.84975551020403,0.0,0.013
6.628,500.84975551020403,0.0,0.014
6.629,500.84975551020403,0.0,0.014
6.63,500.84975551020403,0.0,0.013
6.631,500.84975551020403,0.0,0.014
6.632,500.84975551020403,0.0,0.013
6.633,500.84975551020403,0.0,0.014
6.634,500.84975551020403,0.0,0.015
6.635,500.84975551020403,0.0,0.015
6.636,500.84975551020403,0.0,0.016
6.637,500.84975551020403,0.0,0.016
6.638,500.84975551020403,0.0,0.017
6.639,500.84975551020403,0.0,0.017
6.64,500.84975551020403,0.0,0.015
6.641,500.84975551020403,0.0,0.016
6.642,500.84975551020403,0.0,0.017
6.643,500.84975551020403,0.0,0.018
6.644,500.84975551020403,0.0,0.019
6.645,500.84975551020403,0.0,0.018
6.646,500.84975551020403,0.0,0.019
6.647,500.84975551020403,0.0,0.02
6.648,500.84975551020403,0.0,0.021
6.649,500.84975551020403,0.0,0.022
6.65,500.84975551020403,0.0,0.021
6.651,500.84975551020403,0.0,0.021
6.652,500.84975551020403,0.0,0.023
6.653,500.84975551020403,0.0,0.024
6.654,500.84975551020403,0.0,0.024
6.655,500.84975551020403,0.0,0.024
6.656,500.84975551020403,0.0,0.025
6.657,500.84975551020403,0.0,0.024
6.658,500.84975551020403,0.0,0.025
6.659,500.84975551020403,0.0,0.026
6.66,500.84975551020403,0.0,0.025
6.661,500.84975551020403,0.0,0.026
6.662,500.84975551020403,0.0,0.027
6.663,500.84975551020403,0.0,0.028
6.664,500.84975551020403,0.0,0.028
6.665,500.84975551020403,0.0,0.028
6.666,500.84975551020403,0.0,0.029
6.667,500.84975551020403,0.0,0.028
6.668,500.84975551020403,0.0,0.03
6.669,500.84975551020403,0.0,0.031
6.67,500.84975551020403,0.0,0.029
6.671,500.84975551020403,0.0,0.029
6.672,500.84975551020403,0.0,0.03
6.673,500.84975551020403,0.0,0.029
6.674,500.84975551020403,0.0,0.027
6.675,500.84975551020403,0.0,0.027
6.676,500.84975551020403,0.0,0.027
6.677,500.84975551020403,0.0,0.026
6.678,500.84975551020403,0.0,0.026
6.679,500.84975551020403,0.0,0.027
6.68,500.84975551020403,0.0,0.026
6.681,500.84975551020403,0.0,0.025
6.682,500.84975551020403,0.0,0.025
6.683,500.84975551020403,0.0,0.026
6.684,500.84975551020403,0.0,0.025
6.685,500.84975551020403,0.0,0.026
6.686,500.84975551020403,0.0,0.026
6.687,500.84975551020403,0.0,0.025
6.688,500.84975551020403,0.0,0.026
6.689,500.84975551020403,0.0,0.027
6.69,500.84975551020403,0.0,0.025
6.691,500.84975551020403,0.0,0.025
6.692,500.84975551020403,0.0,0.025
6.693,500.84975551020403,0.0,0.025
6.694,500.84975551020403,0.0,0.024
6.695,500.84975551020403,0.0,0.023
6.696,500.84975551020403,0.0,0.023
6.697,500.84975551020403,0.0,0.021
6.698,500.84975551020403,0.0,0.022
6.699,500.84975551020403,0.0,0.023
6.7,500.84975551020403,0.0,0.023
6.701,500.84975551020403,0.0,0.024
6.702,500.84975551020403,0.0,0.026
6.703,500.84975551020403,0.0,0.028
6.704,500.84975551020403,0.0,0.029
6.705,500.84975551020403,0.0,0.03
6.706,500.84975551020403,0.0,0.031
6.707,500.84975551020403,0.0,0.029
6.708,500.84975551020403,0.0,0.029
6.709,500.84975551020403,0.0,0.031
6.71,500.84975551020403,0.0,0.031
6.711,500.84975551020403,0.0,0.031
6.712,500.84975551020403,0.0,0.032
6.713,500.84975551020403,0.0,0.034
6.714,500.84975551020403,0.0,0.035
6.715,500.84975551020403,0.0,0.034
6.716,500.84975551020403,0.0,0.036
6.717,500.84975551020403,0.0,0.037
6.718,500.84975551020403,0.0,0.038
6.719,500.84975551020403,0.0,0.041
6.72,500.84975551020403,0.0,0.043
6.721,500.84975551020403,0.0,0.045
6.722,500.84975551020403,0.0,0.049
6.723,500.84975551020403,0.0,0.054
6.724,500.84975551020403,0.0,0.056
6.725,500.84975551020403,0.0,0.056
6.726,500.84975551020403,0.0,0.057
6.727,500.84975551020403,0.0,0.053
6.728,500.84975551020403,0.0,0.05
6.729,500.84975551020403,0.0,0.05
6.73,500.84975551020403,0.0,0.049
6.731,500.84975551020403,0.0,0.046
6.732,500.84975551020403,0.0,0.046
6.733,500.84975551020403,0.0,0.049
6.734,500.84975551020403,0.0,0.051
6.735,500.84975551020403,0.0,0.05
6.736,500.84975551020403,0.0,0.049
6.737,631.0313443877551,0.0,0.047
6.738,631.0313443877551,0.0,0.046
6.739,631.0313443877551,0.0,0.047
6.74,631.0313443877551,0.0,0.047
6.741,631.0313443877551,0.0,0.046
6.742,631.0313443877551,0.0,0.045
6.743,631.0313443877551,0.0,0.042
6.744,631.0313443877551,0.0,0.038
6.745,631.0313443877551,0.0,0.033
6.746,631.0313443877551,0.0,0.029
6.747,631.0313443877551,0.0,0.026
6.748,631.0313443877551,0.0,0.023
6.749,631.0313443877551,0.0,0.021
6.75,631.0313443877551,0.0,0.019
6.751,631.0313443877551,0.0,0.018
6.752,631.0313443877551,0.0,0.017
6.753,631.0313443877551,0.0,0.016
6.754,631.0313443877551,0.0,0.015
6.755,631.0313443877551,0.0,0.014
6.756,631.0313443877551,0.0,0.013
6.757,631.0313443877551,0.0,0.011
6.758,631.0313443877551,0.0,0.01
6.759,631.0313443877551,0.0,0.009
6.76,631.0313443877551,0.0,0.007
6.761,631.0313443877551,0.0,0.007
6.762,631.0313443877551,0.0,0.006
6.763,631.0313443877551,0.0,0.006
6.764,631.0313443877551,0.0,0.006
6.765,631.0313443877551,0.0,0.006
6.766,631.0313443877551,0.0,0.005
6.767,631.0313443877551,0.0,0.004
6.768,631.0313443877551,0.0,0.004
6.769,631.0313443877551,0.0,0.004
6.77,631.0313443877551,0.0,0.003
6.771,631.0313443877551,0.0,0.003
6.772,631.0313443877551,0.0,0.003
6.773,631.0313443877551,0.0,0.002
6.774,631.0313443877551,0.0,0.002
6.775,631.0313443877551,0.0,0.002
6.776,631.0313443877551,0.0,0.001
6.777,631.0313443877551,0.0,0.001
6.778,631.0313443877551,0.0,0.001
6.779,631.0313443877551,0.0,0.001
6.78,631.0313443877551,0.0,0.001
6.781,631.0313443877551,0.0,0.001
6.782,631.0313443877551,0.0,0.001
6.783,631.0313443877551,0.0,0.001
6.784,631.0313443877551,0.0,0.001
6.785,631.0313443877551,0.0,0.001
6.786,631.0313443877551,0.0,0.001
6.787,631.0313443877551,0.0,0.001
6.788,631.0313443877551,0.0,0.001
6.789,631.0313443877551,0.0,0.001
6.79,631.0313443877551,0.0,0.001
6.791,631.0313443877551,0.0,0.001
6.792,631.0313443877551,0.0,0.001
6.793,631.0313443877551,0.0,0.001
6.794,631.0313443877551,0.0,0.001
6.795,631.0313443877551,0.0,0.001
6.796,631.0313443877551,0.0,0.001
6.797,631.0313443877551,0.0,0.001
6.798,631.0313443877551,0.0,0.001
6.799,631.0313443877551,0.0,0.001
6.8,631.0313443877551,0.0,0.001
6.801,631.0313443877551,0.0,0.001
6.802,631.0313443877551,0.0,0.001
6.803,631.0313443877551,0.0,0.001
6.804,631.0313443877551,0.0,0.001
6.805,631.0313443877551,0.0,0.001
6.806,631.0313443877551,0.0,0.001
6.807,631.0313443877551,0.0,0.001
6.808,631.0313443877551,0.0,0.001
6.809,631.0313443877551,0.0,0.001
6.81,631.0313443877551,0.0,0.001
6.811,631.0313443877551,0.0,0.002
6.812,631.0313443877551,0.0,0.002
6.813,631.0313443877551,0.0,0.002
6.814,631.0313443877551,0.0,0.002
6.815,631.0313443877551,0.0,0.002
6.816,631.0313443877551,0.0,0.002
6.817,631.0313443877551,0.0,0.002
6.818,631.0313443877551,0.0,0.002
6.819,631.0313443877551,0.0,0.002
6.82,631.0313443877551,0.0,0.002
6.821,631.0313443877551,0.0,0.002
6.822,631.0313443877551,0.0,0.002
6.823,631.0313443877551,0.0,0.002
6.824,631.0313443877551,0.0,0.002
6.825,631.0313443877551,0.0,0.002
6.826,631.0313443877551,0.0,0.002
6.827,631.0313443877551,0.0,0.002
6.828,631.0313443877551,0.0,0.002
6.829,631.0313443877551,0.0,0.002
6.83,631.0313443877551,0.0,0.003
6.831,631.0313443877551,0.0,0.003
6.832,631.0313443877551,0.0,0.003
6.833,631.0313443877551,0.0,0.002
6.834,631.0313443877551,0.0,0.002
6.835,631.0313443877551,0.0,0.002
6.836,631.0313443877551,0.0,0.002
6.837,631.0313443877551,0.0,0.002
6.838,631.0313443877551,0.0,0.002
6.839,631.0313443877551,0.0,0.002
6.84,631.0313443877551,0.0,0.002
6.841,631.0313443877551,0.0,0.002
6.842,631.0313443877551,0.0,0.002
6.843,631.0313443877551,0.0,0.002
6.844,631.0313443877551,0.0,0.002
6.845,631.0313443877551,0.0,0.002
6.846,631.0313443877551,0.0,0.002
6.847,631.0313443877551,0.0,0.002
6.848,631.0313443877551,0.0,0.002
6.849,631.0313443877551,0.0,0.002
6.85,631.0313443877551,0.0,0.002
6.851,631.0313443877551,0.0,0.002
6.852,631.0313443877551,0.0,0.002
6.853,631.0313443877551,0.0,0.003
6.854,631.0313443877551,0.0,0.003
6.855,631.0313443877551,0.0,0.003
6.856,631.0313443877551,0.0,0.003
6.857,631.0313443877551,0.0,0.003
6.858,631.0313443877551,0.0,0.003
6.859,631.0313443877551,0.0,0.003
6.86,631.0313443877551,0.0,0.003
6.861,631.0313443877551,0.0,0.003
6.862,631.0313443877551,0.0,0.003
6.863,631.0313443877551,0.0,0.003
6.864,631.0313443877551,0.0,0.003
6.865,631.0313443877551,0.0,0.003
6.866,631.0313443877551,0.0,0.002
6.867,631.0313443877551,0.0,0.002
6.868,631.0313443877551,0.0,0.002
6.869,631.0313443877551,0.0,0.003
6.87,631.0313443877551,0.0,0.003
6.871,631.0313443877551,0.0,0.004
6.872,631.0313443877551,0.0,0.005
6.873,631.0313443877551,0.0,0.006
6.874,631.0313443877551,0.0,0.007
6.875,631.0313443877551,0.0,0.008
6.876,631.0313443877551,0.0,0.009
6.877,631.0313443877551,0.0,0.01
6.878,631.0313443877551,0.0,0.012
6.879,631.0313443877551,0.0,0.012
6.88,631.0313443877551,0.0,0.012
6.881,631.0313443877551,0.0,0.012
6.882,631.0313443877551,0.0,0.012
6.883,631.0313443877551,0.0,0.012
6.884,631.0313443877551,0.0,0.012
6.885,631.0313443877551,0.0,0.013
6.886,631.0313443877551,0.0,0.012
6.887,668.5534974489796,0.0,0.011
6.888,668.5534974489796,0.0,0.01
6.889,668.5534974489796,0.0,0.01
6.89,668.5534974489796,0.0,0.009
6.891,668.5534974489796,0.0,0.008
6.892,668.5534974489796,0.0,0.008
6.893,668.5534974489796,0.0,0.008
6.894,668.5534974489796,0.0,0.008
6.895,668.5534974489796,0.0,0.007
6.896,668.5534974489796,0.0,0.007
6.897,668.5534974489796,0.0,0.007
6.898,668.5534974489796,0.0,0.007
6.899,668.5534974489796,0.0,0.007
6.9,668.5534974489796,0.0,0.007
6.901,668.5534974489796,0.0,0.008
6.902,668.5534974489796,0.0,0.007
6.903,668.5534974489796,0.0,0.007
6.904,668.5534974489796,0.0,0.008
6.905,668.5534974489796,0.0,0.008
6.906,668.5534974489796,0.0,0.008
6.907,668.5534974489796,0.0,0.008
6.908,668.5534974489796,0.0,0.009
6.909,668.5534974489796,0.0,0.009
6.91,668.5534974489796,0.0,0.01
6.911,668.5534974489796,0.0,0.01
6.912,668.5534974489796,0.0,0.01
6.913,668.5534974489796,0.0,0.011
6.914,668.5534974489796,0.0,0.011
6.915,668.5534974489796,0.0,0.011
6.916,668.5534974489796,0.0,0.011
6.917,668.5534974489796,0.0,0.011
6.918,668.5534974489796,0.0,0.011
6.919,668.5534974489796,0.0,0.011
6.92,668.5534974489796,0.0,0.01
6.921,668.5534974489796,0.0,0.01
6.922,668.5534974489796,0.0,0.01
6.923,668.5534974489796,0.0,0.01
6.924,668.5534974489796,0.0,0.01
6.925,668.5534974489796,0.0,0.01
6.926,668.5534974489796,0.0,0.01
6.927,668.5534974489796,0.0,0.009
6.928,668.5534974489796,0.0,0.009
6.929,668.5534974489796,0.0,0.009
6.93,668.5534974489796,0.0,0.009
6.931,668.5534974489796,0.0,0.009
6.932,668.5534974489796,0.0,0.009
6.933,668.5534974489796,0.0,0.009
6.934,668.5534974489796,0.0,0.009
6.935,668.5534974489796,0.0,0.01
6.936,668.5534974489796,0.0,0.01
6.937,668.5534974489796,0.0,0.01
6.938,668.5534974489796,0.0,0.01
6.939,668.5534974489796,0.0,0.01
6.94,668.5534974489796,0.0,0.01
6.941,668.5534974489796,0.0,0.011
6.942,668.5534974489796,0.0,0.011
6.943,668.5534974489796,0.0,0.011
6.944,668.5534974489796,0.0,0.012
6.945,668.5534974489796,0.0,0.012
6.946,668.5534974489796,0.0,0.012
6.947,668.5534974489796,0.0,0.012
6.948,668.5534974489796,0.0,0.011
6.949,668.5534974489796,0.0,0.011
6.95,668.5534974489796,0.0,0.011
6.951,668.5534974489796,0.0,0.011
6.952,668.5534974489796,0.0,0.011
6.953,668.5534974489796,0.0,0.011
6.954,668.5534974489796,0.0,0.011
6.955,668.5534974489796,0.0,0.01
6.956,668.5534974489796,0.0,0.01
6.957,668.5534974489796,0.0,0.011
6.958,668.5534974489796,0.0,0.011
6.959,668.5534974489796,0.0,0.012
6.96,668.5534974489796,0.0,0.012
6.961,668.5534974489796,0.0,0.013
6.962,668.5534974489796,0.0,0.013
6.963,668.5534974489796,0.0,0.014
6.964,668.5534974489796,0.0,0.014
6.965,668.5534974489796,0.0,0.014
6.966,668.5534974489796,0.0,0.014
6.967,668.5534974489796,0.0,0.013
6.968,668.5534974489796,0.0,0.012
6.969,668.5534974489796,0.0,0.011
6.97,668.5534974489796,0.0,0.01
6.971,668.5534974489796,0.0,0.009
6.972,668.5534974489796,0.0,0.009
6.973,668.5534974489796,0.0,0.009
6.974,668.5534974489796,0.0,0.01
6.975,668.5534974489796,0.0,0.01
6.976,668.5534974489796,0.0,0.01
6.977,668.5534974489796,0.0,0.01
6.978,668.5534974489796,0.0,0.01
6.979,668.5534974489796,0.0,0.01
6.98,668.5534974489796,0.0,0.01
6.981,668.5534974489796,0.0,0.009
6.982,668.5534974489796,0.0,0.009
6.983,668.5534974489796,0.0,0.009
6.984,668.5534974489796,0.0,0.009
6.985,668.5534974489796,0.0,0.009
6.986,668.5534974489796,0.0,0.008
6.987,668.5534974489796,0.0,0.008
6.988,668.5534974489796,0.0,0.008
6.989,668.5534974489796,0.0,0.008
6.99,668.5534974489796,0.0,0.008
6.991,668.5534974489796,0.0,0.007
6.992,668.5534974489796,0.0,0.007
6.993,668.5534974489796,0.0,0.007
6.994,668.5534974489796,0.0,0.007
6.995,668.5534974489796,0.0,0.007
6.996,668.5534974489796,0.0,0.008
6.997,668.5534974489796,0.0,0.008
6.998,668.5534974489796,0.0,0.009
6.999,668.5534974489796,0.0,0.01
7.0,668.5534974489796,0.0,0.011
7.001,668.5534974489796,0.0,0.011
7.002,668.5534974489796,0.0,0.013
7.003,668.5534974489796,0.0,0.016
7.004,668.5534974489796,0.0,0.018
7.005,668.5534974489796,0.0,0.018
7.006,668.5534974489796,0.0,0.02
7.007,668.5534974489796,0.0,0.024
7.008,668.5534974489796,0.0,0.028
7.009,668.5534974489796,0.0,0.031
7.01,668.5534974489796,0.0,0.03
7.011,668.5534974489796,0.0,0.026
7.012,668.5534974489796,0.0,0.03
7.013,668.5534974489796,0.0,0.036
7.014,668.5534974489796,0.0,0.036
7.015,668.5534974489796,0.0,0.036
7.016,668.5534974489796,0.0,0.039
7.017,668.5534974489796,0.0,0.042
7.018,668.5534974489796,0.0,0.043
7.019,668.5534974489796,0.0,0.046
7.02,668.5534974489796,0.0,0.047
7.021,668.5534974489796,0.0,0.043
7.022,668.5534974489796,0.0,0.042
7.023,668.5534974489796,0.0,0.05
7.024,668.5534974489796,0.0,0.057
7.025,668.5534974489796,0.0,0.056
7.026,668.5534974489796,0.0,0.052
7.027,668.5534974489796,0.0,0.064
7.028,668.5534974489796,0.0,0.078
7.029,668.5534974489796,0.0,0.08
7.03,668.5534974489796,0.0,0.074
7.031,668.5534974489796,0.0,0.072
7.032,668.5534974489796,0.0,0.071
7.033,668.5534974489796,0.0,0.063
7.034,668.5534974489796,0.0,0.063
7.035,668.5534974489796,0.0,0.063
7.036,668.5534974489796,0.0,0.064
7.037,668.5534974489796,0.0,0.065
7.038,668.5534974489796,0.0,0.065
7.039,668.5534974489796,0.0,0.063
7.04,668.5534974489796,0.0,0.051
7.041,668.5534974489796,0.0,0.046
7.042,668.5534974489796,0.0,0.043
7.043,668.5534974489796,0.0,0.037
7.044,668.5534974489796,0.0,0.036
7.045,668.5534974489796,0.0,0.036
7.046,668.5534974489796,0.0,0.034
7.047,668.5534974489796,0.0,0.037
7.048,668.5534974489796,0.0,0.043
7.049,668.5534974489796,0.0,0.042
7.05,668.5534974489796,0.0,0.038
7.051,668.5534974489796,0.0,0.037
7.052,668.5534974489796,0.0,0.046
7.053,668.5534974489796,0.0,0.048
7.054,668.5534974489796,0.0,0.038
7.055,668.5534974489796,0.0,0.032
7.056,668.5534974489796,0.0,0.034
7.057,668.5534974489796,0.0,0.035
7.058,668.5534974489796,0.0,0.029
7.059,668.5534974489796,0.0,0.025
7.06,668.5534974489796,0.0,0.025
7.061,668.5534974489796,0.0,0.026
7.062,500.84975551020403,0.0,0.023
7.063,500.84975551020403,0.0,0.021
7.064,500.84975551020403,0.0,0.019
7.065,500.84975551020403,0.0,0.017
7.066,500.84975551020403,0.0,0.017
7.067,500.84975551020403,0.0,0.016
7.068,500.84975551020403,0.0,0.016
7.069,500.84975551020403,0.0,0.018
7.07,500.84975551020403,0.0,0.02
7.071,500.84975551020403,0.0,0.019
7.072,500.84975551020403,0.0,0.018
7.073,500.84975551020403,0.0,0.018
7.074,500.84975551020403,0.0,0.018
7.075,500.84975551020403,0.0,0.017
7.076,500.84975551020403,0.0,0.017
7.077,500.84975551020403,0.0,0.017
7.078,500.84975551020403,0.0,0.017
7.079,500.84975551020403,0.0,0.016
7.08,500.84975551020403,0.0,0.016
7.081,500.84975551020403,0.0,0.015
7.082,500.84975551020403,0.0,0.015
7.083,500.84975551020403,0.0,0.016
7.084,500.84975551020403,0.0,0.017
7.085,500.84975551020403,0.0,0.017
7.086,500.84975551020403,0.0,0.017
7.087,500.84975551020403,0.0,0.016
7.088,500.84975551020403,0.0,0.015
7.089,500.84975551020403,0.0,0.014
7.09,500.84975551020403,0.0,0.014
7.091,500.84975551020403,0.0,0.014
7.092,500.84975551020403,0.0,0.014
7.093,500.84975551020403,0.0,0.014
7.094,500.84975551020403,0.0,0.014
7.095,500.84975551020403,0.0,0.014
7.096,500.84975551020403,0.0,0.013
7.097,500.84975551020403,0.0,0.012
7.098,500.84975551020403,0.0,0.011
7.099,500.84975551020403,0.0,0.011
7.1,500.84975551020403,0.0,0.011
7.101,500.84975551020403,0.0,0.012
7.102,500.84975551020403,0.0,0.013
7.103,500.84975551020403,0.0,0.013
7.104,500.84975551020403,0.0,0.014
7.105,500.84975551020403,0.0,0.014
7.106,500.84975551020403,0.0,0.015
7.107,500.84975551020403,0.0,0.016
7.108,500.84975551020403,0.0,0.018
7.109,500.84975551020403,0.0,0.02
7.11,500.84975551020403,0.0,0.021
7.111,500.84975551020403,0.0,0.024
7.112,500.84975551020403,0.0,0.025
7.113,500.84975551020403,0.0,0.026
7.114,500.84975551020403,0.0,0.027
7.115,500.84975551020403,0.0,0.028
7.116,500.84975551020403,0.0,0.028
7.117,500.84975551020403,0.0,0.027
7.118,500.84975551020403,0.0,0.026
7.119,500.84975551020403,0.0,0.025
7.12,500.84975551020403,0.0,0.024
7.121,500.84975551020403,0.0,0.022
7.122,500.84975551020403,0.0,0.02
7.123,500.84975551020403,0.0,0.019
7.124,500.84975551020403,0.0,0.02
7.125,500.84975551020403,0.0,0.019
7.126,500.84975551020403,0.0,0.018
7.127,500.84975551020403,0.0,0.017
7.128,500.84975551020403,0.0,0.017
7.129,500.84975551020403,0.0,0.016
7.13,500.84975551020403,0.0,0.015
7.131,500.84975551020403,0.0,0.014
7.132,500.84975551020403,0.0,0.014
7.133,500.84975551020403,0.0,0.014
7.134,500.84975551020403,0.0,0.014
7.135,500.84975551020403,0.0,0.013
7.136,500.84975551020403,0.0,0.013
7.137,500.84975551020403,0.0,0.013
7.138,500.84975551020403,0.0,0.012
7.139,500.84975551020403,0.0,0.012
7.14,500.84975551020403,0.0,0.012
7.141,500.84975551020403,0.0,0.013
7.142,500.84975551020403,0.0,0.013
7.143,500.84975551020403,0.0,0.013
7.144,500.84975551020403,0.0,0.014
7.145,500.84975551020403,0.0,0.013
7.146,500.84975551020403,0.0,0.013
7.147,500.84975551020403,0.0,0.012
7.148,500.84975551020403,0.0,0.012
7.149,500.84975551020403,0.0,0.011
7.15,500.84975551020403,0.0,0.01
7.151,500.84975551020403,0.0,0.01
7.152,500.84975551020403,0.0,0.009
7.153,500.84975551020403,0.0,0.009
7.154,500.84975551020403,0.0,0.008
7.155,500.84975551020403,0.0,0.007
7.156,500.84975551020403,0.0,0.006
7.157,500.84975551020403,0.0,0.006
7.158,500.84975551020403,0.0,0.006
7.159,500.84975551020403,0.0,0.005
7.16,500.84975551020403,0.0,0.005
7.161,500.84975551020403,0.0,0.005
7.162,500.84975551020403,0.0,0.004
7.163,500.84975551020403,0.0,0.004
7.164,500.84975551020403,0.0,0.004
7.165,500.84975551020403,0.0,0.004
7.166,500.84975551020403,0.0,0.003
7.167,500.84975551020403,0.0,0.003
7.168,500.84975551020403,0.0,0.003
7.169,500.84975551020403,0.0,0.003
7.17,500.84975551020403,0.0,0.003
7.171,500.84975551020403,0.0,0.003
7.172,500.84975551020403,0.0,0.003
7.173,500.84975551020403,0.0,0.003
7.174,500.84975551020403,0.0,0.004
7.175,500.84975551020403,0.0,0.004
7.176,500.84975551020403,0.0,0.005
7.177,500.84975551020403,0.0,0.005
7.178,500.84975551020403,0.0,0.005
7.179,500.84975551020403,0.0,0.005
7.18,500.84975551020403,0.0,0.006
7.181,500.84975551020403,0.0,0.006
7.182,500.84975551020403,0.0,0.007
7.183,500.84975551020403,0.0,0.008
7.184,500.84975551020403,0.0,0.009
7.185,500.84975551020403,0.0,0.011
7.186,500.84975551020403,0.0,0.01
7.187,500.84975551020403,0.0,0.011
7.188,500.84975551020403,0.0,0.013
7.189,500.84975551020403,0.0,0.015
7.19,500.84975551020403,0.0,0.016
7.191,500.84975551020403,0.0,0.018
7.192,500.84975551020403,0.0,0.021
7.193,500.84975551020403,0.0,0.025
7.194,500.84975551020403,0.0,0.026
7.195,500.84975551020403,0.0,0.022
7.196,500.84975551020403,0.0,0.021
7.197,500.84975551020403,0.0,0.02
7.198,500.84975551020403,0.0,0.019
7.199,892.418775510204,0.0,0.021
7.2,892.418775510204,0.0,0.023
7.201,892.418775510204,0.0,0.02
7.202,892.418775510204,0.0,0.02
7.203,892.418775510204,0.0,0.021
7.204,892.418775510204,0.0,0.024
7.205,892.418775510204,0.0,0.029
7.206,892.418775510204,0.0,0.034
7.207,892.418775510204,0.0,0.038
7.208,892.418775510204,0.0,0.038
7.209,892.418775510204,0.0,0.048
7.21,892.418775510204,0.0,0.044
7.211,892.418775510204,0.0,0.05
7.212,892.418775510204,0.0,0.052
7.213,892.418775510204,0.0,0.055
7.214,892.418775510204,0.0,0.056
7.215,892.418775510204,0.0,0.047
7.216,892.418775510204,0.0,0.051
7.217,892.418775510204,0.0,0.046
7.218,892.418775510204,0.0,0.05
7.219,892.418775510204,0.0,0.044
7.22,892.418775510204,0.0,0.042
7.221,892.418775510204,0.0,0.041
7.222,892.418775510204,0.0,0.042
7.223,892.418775510204,0.0,0.047
7.224,892.418775510204,0.0,0.04
7.225,892.418775510204,0.0,0.039
7.226,892.418775510204,0.0,0.036
7.227,892.418775510204,0.0,0.043
7.228,892.418775510204,0.0,0.045
7.229,892.418775510204,0.0,0.044
7.23,892.418775510204,0.0,0.047
7.231,892.418775510204,0.0,0.049
7.232,892.418775510204,0.0,0.057
7.233,892.418775510204,0.0,0.057
7.234,892.418775510204,0.0,0.059
7.235,892.418775510204,0.0,0.052
7.236,892.418775510204,0.0,0.064
7.237,892.418775510204,0.0,0.071
7.238,892.418775510204,0.0,0.075
7.239,892.418775510204,0.0,0.075
7.24,892.418775510204,0.0,0.071
7.241,892.418775510204,0.0,0.093
7.242,892.418775510204,0.0,0.104
7.243,892.418775510204,0.0,0.106
7.244,892.418775510204,0.0,0.095
7.245,892.418775510204,0.0,0.089
7.246,892.418775510204,0.0,0.11
7.247,892.418775510204,0.0,0.134
7.248,892.418775510204,0.0,0.134
7.249,892.418775510204,0.0,0.109
7.25,892.418775510204,0.0,0.127
7.251,892.418775510204,0.0,0.148
7.252,892.418775510204,0.0,0.158
7.253,892.418775510204,0.0,0.138
7.254,892.418775510204,0.0,0.115
7.255,892.418775510204,0.0,0.141
7.256,892.418775510204,0.0,0.163
7.257,892.418775510204,0.0,0.154
7.258,892.418775510204,0.0,0.13
7.259,892.418775510204,0.0,0.156
7.26,892.418775510204,0.0,0.174
7.261,892.418775510204,0.0,0.193
7.262,892.418775510204,0.0,0.172
7.263,892.418775510204,0.0,0.134
7.264,892.418775510204,0.0,0.146
7.265,892.418775510204,0.0,0.16
7.266,892.418775510204,0.0,0.149
7.267,892.418775510204,0.0,0.119
7.268,892.418775510204,0.0,0.136
7.269,892.418775510204,0.0,0.127
7.27,892.418775510204,0.0,0.132
7.271,892.418775510204,0.0,0.114
7.272,892.418775510204,0.0,0.093
7.273,892.418775510204,0.0,0.102
7.274,892.418775510204,0.0,0.094
7.275,892.418775510204,0.0,0.074
7.276,892.418775510204,0.0,0.059
7.277,892.418775510204,0.0,0.066
7.278,892.418775510204,0.0,0.066
7.279,892.418775510204,0.0,0.053
7.28,892.418775510204,0.0,0.039
7.281,892.418775510204,0.0,0.031
7.282,892.418775510204,0.0,0.039
7.283,892.418775510204,0.0,0.036
7.284,892.418775510204,0.0,0.026
7.285,892.418775510204,0.0,0.021
7.286,892.418775510204,0.0,0.025
7.287,892.418775510204,0.0,0.029
7.288,892.418775510204,0.0,0.023
7.289,892.418775510204,0.0,0.02
7.29,892.418775510204,0.0,0.022
7.291,892.418775510204,0.0,0.024
7.292,892.418775510204,0.0,0.025
7.293,892.418775510204,0.0,0.025
7.294,892.418775510204,0.0,0.03
7.295,892.418775510204,0.0,0.028
7.296,892.418775510204,0.0,0.031
7.297,892.418775510204,0.0,0.032
7.298,892.418775510204,0.0,0.032
7.299,892.418775510204,0.0,0.031
7.3,892.418775510204,0.0,0.027
7.301,892.418775510204,0.0,0.024
7.302,892.418775510204,0.0,0.021
7.303,892.418775510204,0.0,0.02
7.304,892.418775510204,0.0,0.018
7.305,892.418775510204,0.0,0.017
7.306,892.418775510204,0.0,0.016
7.307,892.418775510204,0.0,0.014
7.308,892.418775510204,0.0,0.011
7.309,892.418775510204,0.0,0.01
7.31,892.418775510204,0.0,0.009
7.311,892.418775510204,0.0,0.01
7.312,892.418775510204,0.0,0.011
7.313,892.418775510204,0.0,0.009
7.314,892.418775510204,0.0,0.008
7.315,892.418775510204,0.0,0.008
7.316,892.418775510204,0.0,0.009
7.317,892.418775510204,0.0,0.008
7.318,892.418775510204,0.0,0.007
7.319,892.418775510204,0.0,0.007
7.32,892.418775510204,0.0,0.007
7.321,892.418775510204,0.0,0.007
7.322,892.418775510204,0.0,0.007
7.323,892.418775510204,0.0,0.006
7.324,892.418775510204,0.0,0.005
7.325,892.418775510204,0.0,0.006
7.326,892.418775510204,0.0,0.007
7.327,892.418775510204,0.0,0.007
7.328,892.418775510204,0.0,0.006
7.329,892.418775510204,0.0,0.006
7.33,892.418775510204,0.0,0.007
7.331,892.418775510204,0.0,0.007
7.332,892.418775510204,0.0,0.006
7.333,892.418775510204,0.0,0.007
7.334,892.418775510204,0.0,0.008
7.335,892.418775510204,0.0,0.008
7.336,892.418775510204,0.0,0.008
7.337,892.418775510204,0.0,0.008
7.338,892.418775510204,0.0,0.009
7.339,892.418775510204,0.0,0.01
7.34,892.418775510204,0.0,0.01
7.341,892.418775510204,0.0,0.01
7.342,892.418775510204,0.0,0.012
7.343,892.418775510204,0.0,0.013
7.344,892.418775510204,0.0,0.014
7.345,892.418775510204,0.0,0.014
7.346,892.418775510204,0.0,0.015
7.347,892.418775510204,0.0,0.016
7.348,892.418775510204,0.0,0.016
7.349,892.418775510204,0.0,0.016
7.35,892.418775510204,0.0,0.017
7.351,892.418775510204,0.0,0.018
7.352,892.418775510204,0.0,0.018
7.353,892.418775510204,0.0,0.019
7.354,892.418775510204,0.0,0.019
7.355,795.0538588775511,0.0,0.019
7.356,795.0538588775511,0.0,0.018
7.357,795.0538588775511,0.0,0.018
7.358,795.0538588775511,0.0,0.019
7.359,795.0538588775511,0.0,0.019
7.36,795.0538588775511,0.0,0.018
7.361,795.0538588775511,0.0,0.019
7.362,795.0538588775511,0.0,0.019
7.363,795.0538588775511,0.0,0.02
7.364,795.0538588775511,0.0,0.02
7.365,795.0538588775511,0.0,0.02
7.366,795.0538588775511,0.0,0.021
7.367,795.0538588775511,0.0,0.022
7.368,795.0538588775511,0.0,0.022
7.369,795.0538588775511,0.0,0.023
7.37,795.0538588775511,0.0,0.024
7.371,795.0538588775511,0.0,0.026
7.372,795.0538588775511,0.0,0.028
7.373,795.0538588775511,0.0,0.029
7.374,795.0538588775511,0.0,0.031
7.375,795.0538588775511,0.0,0.034
7.376,795.0538588775511,0.0,0.035
7.377,795.0538588775511,0.0,0.037
7.378,795.0538588775511,0.0,0.039
7.379,795.0538588775511,0.0,0.04
7.38,795.0538588775511,0.0,0.041
7.381,795.0538588775511,0.0,0.041
7.382,795.0538588775511,0.0,0.04
7.383,795.0538588775511,0.0,0.04
7.384,795.0538588775511,0.0,0.04
7.385,795.0538588775511,0.0,0.038
7.386,795.0538588775511,0.0,0.037
7.387,795.0538588775511,0.0,0.037
7.388,795.0538588775511,0.0,0.036
7.389,795.0538588775511,0.0,0.035
7.39,795.0538588775511,0.0,0.034
7.391,795.0538588775511,0.0,0.034
7.392,795.0538588775511,0.0,0.034
7.393,795.0538588775511,0.0,0.033
7.394,795.0538588775511,0.0,0.032
7.395,795.0538588775511,0.0,0.032
7.396,795.0538588775511,0.0,0.033
7.397,795.0538588775511,0.0,0.032
7.398,795.0538588775511,0.0,0.031
7.399,795.0538588775511,0.0,0.031
7.4,795.0538588775511,0.0,0.031
7.401,795.0538588775511,0.0,0.031
7.402,795.0538588775511,0.0,0.031
7.403,795.0538588775511,0.0,0.031
7.404,795.0538588775511,0.0,0.031
7.405,795.0538588775511,0.0,0.031
7.406,795.0538588775511,0.0,0.031
7.407,795.0538588775511,0.0,0.031
7.408,795.0538588775511,0.0,0.03
7.409,795.0538588775511,0.0,0.03
7.41,795.0538588775511,0.0,0.031
7.411,795.0538588775511,0.0,0.03
7.412,795.0538588775511,0.0,0.03
7.413,795.0538588775511,0.0,0.029
7.414,795.0538588775511,0.0,0.029
7.415,795.0538588775511,0.0,0.029
7.416,795.0538588775511,0.0,0.029
7.417,795.0538588775511,0.0,0.027
7.418,795.0538588775511,0.0,0.027
7.419,795.0538588775511,0.0,0.028
7.42,795.0538588775511,0.0,0.028
7.421,795.0538588775511,0.0,0.027
7.422,795.0538588775511,0.0,0.026
7.423,795.0538588775511,0.0,0.027
7.424,795.0538588775511,0.0,0.027
7.425,795.0538588775511,0.0,0.026
7.426,795.0538588775511,0.0,0.026
7.427,795.0538588775511,0.0,0.026
7.428,795.0538588775511,0.0,0.027
7.429,795.0538588775511,0.0,0.027
7.43,795.0538588775511,0.0,0.027
7.431,795.0538588775511,0.0,0.028
7.432,795.0538588775511,0.0,0.028
7.433,795.0538588775511,0.0,0.029
7.434,795.0538588775511,0.0,0.029
7.435,795.0538588775511,0.0,0.03
7.436,795.0538588775511,0.0,0.03
7.437,795.0538588775511,0.0,0.03
7.438,795.0538588775511,0.0,0.031
7.439,795.0538588775511,0.0,0.031
7.44,795.0538588775511,0.0,0.031
7.441,795.0538588775511,0.0,0.032
7.442,795.0538588775511,0.0,0.032
7.443,795.0538588775511,0.0,0.032
7.444,795.0538588775511,0.0,0.032
7.445,795.0538588775511,0.0,0.033
7.446,795.0538588775511,0.0,0.033
7.447,795.0538588775511,0.0,0.034
7.448,795.0538588775511,0.0,0.034
7.449,795.0538588775511,0.0,0.034
7.45,795.0538588775511,0.0,0.035
7.451,795.0538588775511,0.0,0.036
7.452,795.0538588775511,0.0,0.036
7.453,795.0538588775511,0.0,0.037
7.454,795.0538588775511,0.0,0.037
7.455,795.0538588775511,0.0,0.038
7.456,795.0538588775511,0.0,0.039
7.457,795.0538588775511,0.0,0.041
7.458,795.0538588775511,0.0,0.041
7.459,795.0538588775511,0.0,0.041
7.46,795.0538588775511,0.0,0.043
7.461,795.0538588775511,0.0,0.044
7.462,795.0538588775511,0.0,0.043
7.463,795.0538588775511,0.0,0.043
7.464,795.0538588775511,0.0,0.046
7.465,795.0538588775511,0.0,0.046
7.466,795.0538588775511,0.0,0.045
7.467,795.0538588775511,0.0,0.047
7.468,795.0538588775511,0.0,0.048
7.469,795.0538588775511,0.0,0.047
7.47,795.0538588775511,0.0,0.048
7.471,795.0538588775511,0.0,0.051
7.472,795.0538588775511,0.0,0.051
7.473,795.0538588775511,0.0,0.052
7.474,795.0538588775511,0.0,0.056
7.475,795.0538588775511,0.0,0.058
7.476,795.0538588775511,0.0,0.056
7.477,795.0538588775511,0.0,0.057
7.478,795.0538588775511,0.0,0.061
7.479,795.0538588775511,0.0,0.062
7.48,795.0538588775511,0.0,0.063
7.481,795.0538588775511,0.0,0.068
7.482,795.0538588775511,0.0,0.069
7.483,795.0538588775511,0.0,0.067
7.484,795.0538588775511,0.0,0.067
7.485,795.0538588775511,0.0,0.066
7.486,795.0538588775511,0.0,0.063
7.487,795.0538588775511,0.0,0.061
7.488,795.0538588775511,0.0,0.061
7.489,795.0538588775511,0.0,0.06
7.49,795.0538588775511,0.0,0.055
7.491,795.0538588775511,0.0,0.053
7.492,795.0538588775511,0.0,0.052
7.493,795.0538588775511,0.0,0.048
7.494,795.0538588775511,0.0,0.046
7.495,795.0538588775511,0.0,0.044
7.496,795.0538588775511,0.0,0.039
7.497,795.0538588775511,0.0,0.038
7.498,795.0538588775511,0.0,0.038
7.499,795.0538588775511,0.0,0.035
7.5,795.0538588775511,0.0,0.031
7.501,795.0538588775511,0.0,0.03
7.502,795.0538588775511,0.0,0.03
7.503,795.0538588775511,0.0,0.028
7.504,795.0538588775511,0.0,0.026
7.505,795.0538588775511,0.0,0.025
7.506,795.0538588775511,0.0,0.025
7.507,795.0538588775511,0.0,0.024
7.508,750.4329201020408,0.0,0.024
7.509,750.4329201020408,0.0,0.023
7.51,750.4329201020408,0.0,0.021
7.511,750.4329201020408,0.0,0.02
7.512,750.4329201020408,0.0,0.019
7.513,750.4329201020408,0.0,0.018
7.514,750.4329201020408,0.0,0.018
7.515,750.4329201020408,0.0,0.02
7.516,750.4329201020408,0.0,0.023
7.517,750.4329201020408,0.0,0.026
7.518,750.4329201020408,0.0,0.029
7.519,750.4329201020408,0.0,0.032
7.52,750.4329201020408,0.0,0.035
7.521,750.4329201020408,0.0,0.038
7.522,750.4329201020408,0.0,0.04
7.523,750.4329201020408,0.0,0.041
7.524,750.4329201020408,0.0,0.044
7.525,750.4329201020408,0.0,0.044
7.526,750.4329201020408,0.0,0.046
7.527,750.4329201020408,0.0,0.048
7.528,750.4329201020408,0.0,0.049
7.529,750.4329201020408,0.0,0.048
7.53,750.4329201020408,0.0,0.047
7.531,750.4329201020408,0.0,0.049
7.532,750.4329201020408,0.0,0.05
7.533,750.4329201020408,0.0,0.051
7.534,750.4329201020408,0.0,0.052
7.535,750.4329201020408,0.0,0.053
7.536,750.4329201020408,0.0,0.055
7.537,750.4329201020408,0.0,0.057
7.538,750.4329201020408,0.0,0.056
7.539,750.4329201020408,0.0,0.054
7.54,750.4329201020408,0.0,0.054
7.541,750.4329201020408,0.0,0.056
7.542,750.4329201020408,0.0,0.052
7.543,750.4329201020408,0.0,0.047
7.544,750.4329201020408,0.0,0.046
7.545,750.4329201020408,0.0,0.045
7.546,750.4329201020408,0.0,0.042
7.547,750.4329201020408,0.0,0.038
7.548,750.4329201020408,0.0,0.036
7.549,750.4329201020408,0.0,0.034
7.55,750.4329201020408,0.0,0.032
7.551,750.4329201020408,0.0,0.03
7.552,750.4329201020408,0.0,0.028
7.553,750.4329201020408,0.0,0.026
7.554,750.4329201020408,0.0,0.025
7.555,750.4329201020408,0.0,0.025
7.556,750.4329201020408,0.0,0.024
7.557,750.4329201020408,0.0,0.021
7.558,750.4329201020408,0.0,0.02
7.559,750.4329201020408,0.0,0.021
7.56,750.4329201020408,0.0,0.021
7.561,750.4329201020408,0.0,0.019
7.562,750.4329201020408,0.0,0.018
7.563,750.4329201020408,0.0,0.019
7.564,750.4329201020408,0.0,0.019
7.565,750.4329201020408,0.0,0.018
7.566,750.4329201020408,0.0,0.016
7.567,750.4329201020408,0.0,0.017
7.568,750.4329201020408,0.0,0.016
7.569,750.4329201020408,0.0,0.015
7.57,750.4329201020408,0.0,0.015
7.571,750.4329201020408,0.0,0.014
7.572,750.4329201020408,0.0,0.013
7.573,750.4329201020408,0.0,0.012
7.574,750.4329201020408,0.0,0.011
7.575,750.4329201020408,0.0,0.01
7.576,750.4329201020408,0.0,0.009
7.577,750.4329201020408,0.0,0.008
7.578,750.4329201020408,0.0,0.008
7.579,750.4329201020408,0.0,0.007
7.58,750.4329201020408,0.0,0.007
7.581,750.4329201020408,0.0,0.006
7.582,750.4329201020408,0.0,0.006
7.583,750.4329201020408,0.0,0.006
7.584,750.4329201020408,0.0,0.005
7.585,750.4329201020408,0.0,0.004
7.586,750.4329201020408,0.0,0.005
7.587,750.4329201020408,0.0,0.004
7.588,750.4329201020408,0.0,0.004
7.589,750.4329201020408,0.0,0.004
7.59,750.4329201020408,0.0,0.004
7.591,750.4329201020408,0.0,0.004
7.592,750.4329201020408,0.0,0.004
7.593,750.4329201020408,0.0,0.004
7.594,750.4329201020408,0.0,0.004
7.595,750.4329201020408,0.0,0.004
7.596,750.4329201020408,0.0,0.004
7.597,750.4329201020408,0.0,0.004
7.598,750.4329201020408,0.0,0.004
7.599,750.4329201020408,0.0,0.005
7.6,750.4329201020408,0.0,0.004
7.601,750.4329201020408,0.0,0.005
7.602,750.4329201020408,0.0,0.005
7.603,750.4329201020408,0.0,0.005
7.604,750.4329201020408,0.0,0.005
7.605,750.4329201020408,0.0,0.005
7.606,750.4329201020408,0.0,0.005
7.607,750.4329201020408,0.0,0.005
7.608,750.4329201020408,0.0,0.005
7.609,750.4329201020408,0.0,0.005
7.61,750.4329201020408,0.0,0.005
7.611,750.4329201020408,0.0,0.005
7.612,750.4329201020408,0.0,0.005
7.613,750.4329201020408,0.0,0.005
7.614,750.4329201020408,0.0,0.005
7.615,750.4329201020408,0.0,0.005
7.616,750.4329201020408,0.0,0.005
7.617,750.4329201020408,0.0,0.005
7.618,750.4329201020408,0.0,0.005
7.619,750.4329201020408,0.0,0.005
7.62,750.4329201020408,0.0,0.005
7.621,750.4329201020408,0.0,0.006
7.622,750.4329201020408,0.0,0.006
7.623,750.4329201020408,0.0,0.006
7.624,750.4329201020408,0.0,0.006
7.625,750.4329201020408,0.0,0.007
7.626,750.4329201020408,0.0,0.007
7.627,750.4329201020408,0.0,0.008
7.628,750.4329201020408,0.0,0.008
7.629,750.4329201020408,0.0,0.009
7.63,750.4329201020408,0.0,0.01
7.631,750.4329201020408,0.0,0.011
7.632,750.4329201020408,0.0,0.013
7.633,750.4329201020408,0.0,0.016
7.634,750.4329201020408,0.0,0.018
7.635,750.4329201020408,0.0,0.021
7.636,750.4329201020408,0.0,0.025
7.637,750.4329201020408,0.0,0.027
7.638,750.4329201020408,0.0,0.027
7.639,750.4329201020408,0.0,0.029
7.64,750.4329201020408,0.0,0.033
7.641,750.4329201020408,0.0,0.033
7.642,750.4329201020408,0.0,0.031
7.643,750.4329201020408,0.0,0.03
7.644,750.4329201020408,0.0,0.03
7.645,750.4329201020408,0.0,0.03
7.646,750.4329201020408,0.0,0.028
7.647,750.4329201020408,0.0,0.028
7.648,750.4329201020408,0.0,0.028
7.649,750.4329201020408,0.0,0.026
7.65,750.4329201020408,0.0,0.026
7.651,750.4329201020408,0.0,0.027
7.652,750.4329201020408,0.0,0.027
7.653,750.4329201020408,0.0,0.025
7.654,750.4329201020408,0.0,0.024
7.655,750.4329201020408,0.0,0.024
7.656,750.4329201020408,0.0,0.026
7.657,750.4329201020408,0.0,0.025
7.658,750.4329201020408,0.0,0.024
7.659,750.4329201020408,0.0,0.023
7.66,750.4329201020408,0.0,0.024
7.661,750.4329201020408,0.0,0.025
7.662,668.5534974489796,0.0,0.023
7.663,668.5534974489796,0.0,0.023
7.664,668.5534974489796,0.0,0.023
7.665,668.5534974489796,0.0,0.024
7.666,668.5534974489796,0.0,0.023
7.667,668.5534974489796,0.0,0.022
7.668,668.5534974489796,0.0,0.022
7.669,668.5534974489796,0.0,0.023
7.67,668.5534974489796,0.0,0.023
7.671,668.5534974489796,0.0,0.022
7.672,668.5534974489796,0.0,0.021
7.673,668.5534974489796,0.0,0.021
7.674,668.5534974489796,0.0,0.021
7.675,668.5534974489796,0.0,0.021
7.676,668.5534974489796,0.0,0.021
7.677,668.5534974489796,0.0,0.021
7.678,668.5534974489796,0.0,0.022
7.679,668.5534974489796,0.0,0.022
7.68,668.5534974489796,0.0,0.022
7.681,668.5534974489796,0.0,0.022
7.682,668.5534974489796,0.0,0.023
7.683,668.5534974489796,0.0,0.025
7.684,668.5534974489796,0.0,0.026
7.685,668.5534974489796,0.0,0.027
7.686,668.5534974489796,0.0,0.029
7.687,668.5534974489796,0.0,0.031
7.688,668.5534974489796,0.0,0.033
7.689,668.5534974489796,0.0,0.034
7.69,668.5534974489796,0.0,0.035
7.691,668.5534974489796,0.0,0.035
7.692,668.5534974489796,0.0,0.036
7.693,668.5534974489796,0.0,0.037
7.694,668.5534974489796,0.0,0.035
7.695,668.5534974489796,0.0,0.033
7.696,668.5534974489796,0.0,0.033
7.697,668.5534974489796,0.0,0.033
7.698,668.5534974489796,0.0,0.032
7.699,668.5534974489796,0.0,0.033
7.7,668.5534974489796,0.0,0.031
7.701,668.5534974489796,0.0,0.029
7.702,668.5534974489796,0.0,0.029
7.703,668.5534974489796,0.0,0.027
7.704,668.5534974489796,0.0,0.023
7.705,668.5534974489796,0.0,0.022
7.706,668.5534974489796,0.0,0.021
7.707,668.5534974489796,0.0,0.019
7.708,668.5534974489796,0.0,0.018
7.709,668.5534974489796,0.0,0.017
7.71,668.5534974489796,0.0,0.016
7.711,668.5534974489796,0.0,0.016
7.712,668.5534974489796,0.0,0.015
7.713,668.5534974489796,0.0,0.015
7.714,668.5534974489796,0.0,0.014
7.715,668.5534974489796,0.0,0.014
7.716,668.5534974489796,0.0,0.014
7.717,668.5534974489796,0.0,0.015
7.718,668.5534974489796,0.0,0.014
7.719,668.5534974489796,0.0,0.013
7.72,668.5534974489796,0.0,0.014
7.721,668.5534974489796,0.0,0.014
7.722,668.5534974489796,0.0,0.013
7.723,668.5534974489796,0.0,0.013
7.724,668.5534974489796,0.0,0.013
7.725,668.5534974489796,0.0,0.013
7.726,668.5534974489796,0.0,0.013
7.727,668.5534974489796,0.0,0.013
7.728,668.5534974489796,0.0,0.013
7.729,668.5534974489796,0.0,0.013
7.73,668.5534974489796,0.0,0.013
7.731,668.5534974489796,0.0,0.013
7.732,668.5534974489796,0.0,0.013
7.733,668.5534974489796,0.0,0.013
7.734,668.5534974489796,0.0,0.012
7.735,668.5534974489796,0.0,0.012
7.736,668.5534974489796,0.0,0.012
7.737,668.5534974489796,0.0,0.012
7.738,668.5534974489796,0.0,0.012
7.739,668.5534974489796,0.0,0.012
7.74,668.5534974489796,0.0,0.012
7.741,668.5534974489796,0.0,0.013
7.742,668.5534974489796,0.0,0.013
7.743,668.5534974489796,0.0,0.012
7.744,668.5534974489796,0.0,0.013
7.745,668.5534974489796,0.0,0.013
7.746,668.5534974489796,0.0,0.013
7.747,668.5534974489796,0.0,0.015
7.748,668.5534974489796,0.0,0.015
7.749,668.5534974489796,0.0,0.016
7.75,668.5534974489796,0.0,0.017
7.751,668.5534974489796,0.0,0.017
7.752,668.5534974489796,0.0,0.018
7.753,668.5534974489796,0.0,0.018
7.754,668.5534974489796,0.0,0.017
7.755,668.5534974489796,0.0,0.018
7.756,668.5534974489796,0.0,0.02
7.757,668.5534974489796,0.0,0.02
7.758,668.5534974489796,0.0,0.021
7.759,668.5534974489796,0.0,0.022
7.76,668.5534974489796,0.0,0.021
7.761,668.5534974489796,0.0,0.022
7.762,668.5534974489796,0.0,0.024
7.763,668.5534974489796,0.0,0.023
7.764,668.5534974489796,0.0,0.024
7.765,668.5534974489796,0.0,0.026
7.766,668.5534974489796,0.0,0.027
7.767,668.5534974489796,0.0,0.027
7.768,668.5534974489796,0.0,0.027
7.769,668.5534974489796,0.0,0.028
7.77,668.5534974489796,0.0,0.03
7.771,668.5534974489796,0.0,0.031
7.772,668.5534974489796,0.0,0.03
7.773,668.5534974489796,0.0,0.029
7.774,668.5534974489796,0.0,0.03
7.775,668.5534974489796,0.0,0.031
7.776,668.5534974489796,0.0,0.028
7.777,668.5534974489796,0.0,0.027
7.778,668.5534974489796,0.0,0.026
7.779,668.5534974489796,0.0,0.026
7.78,668.5534974489796,0.0,0.026
7.781,668.5534974489796,0.0,0.026
7.782,668.5534974489796,0.0,0.024
7.783,668.5534974489796,0.0,0.023
7.784,668.5534974489796,0.0,0.023
7.785,668.5534974489796,0.0,0.021
7.786,668.5534974489796,0.0,0.02
7.787,668.5534974489796,0.0,0.018
7.788,668.5534974489796,0.0,0.016
7.789,668.5534974489796,0.0,0.016
7.79,668.5534974489796,0.0,0.015
7.791,668.5534974489796,0.0,0.014
7.792,668.5534974489796,0.0,0.014
7.793,668.5534974489796,0.0,0.014
7.794,668.5534974489796,0.0,0.013
7.795,668.5534974489796,0.0,0.013
7.796,668.5534974489796,0.0,0.012
7.797,668.5534974489796,0.0,0.011
7.798,668.5534974489796,0.0,0.011
7.799,668.5534974489796,0.0,0.011
7.8,668.5534974489796,0.0,0.01
7.801,668.5534974489796,0.0,0.01
7.802,668.5534974489796,0.0,0.011
7.803,668.5534974489796,0.0,0.009
7.804,668.5534974489796,0.0,0.009
7.805,668.5534974489796,0.0,0.009
7.806,668.5534974489796,0.0,0.009
7.807,668.5534974489796,0.0,0.009
7.808,668.5534974489796,0.0,0.009
7.809,668.5534974489796,0.0,0.009
7.81,668.5534974489796,0.0,0.009
7.811,668.5534974489796,0.0,0.009
7.812,668.5534974489796,0.0,0.009
7.813,668.5534974489796,0.0,0.009
7.814,668.5534974489796,0.0,0.01
7.815,668.5534974489796,0.0,0.01
7.816,668.5534974489796,0.0,0.009
7.817,668.5534974489796,0.0,0.009
7.818,668.5534974489796,0.0,0.009
7.819,668.5534974489796,0.0,0.009
7.82,668.5534974489796,0.0,0.009
7.821,668.5534974489796,0.0,0.008
7.822,668.5534974489796,0.0,0.008
7.823,668.5534974489796,0.0,0.009
7.824,668.5534974489796,0.0,0.009
7.825,668.5534974489796,0.0,0.009
7.826,668.5534974489796,0.0,0.009
7.827,668.5534974489796,0.0,0.009
7.828,668.5534974489796,0.0,0.009
7.829,668.5534974489796,0.0,0.009
7.83,668.5534974489796,0.0,0.009
7.831,668.5534974489796,0.0,0.009
7.832,668.5534974489796,0.0,0.008
7.833,668.5534974489796,0.0,0.008
7.834,668.5534974489796,0.0,0.008
7.835,668.5534974489796,0.0,0.007
7.836,668.5534974489796,0.0,0.007
7.837,668.5534974489796,0.0,0.007
7.838,668.5534974489796,0.0,0.006
7.839,668.5534974489796,0.0,0.005
7.84,668.5534974489796,0.0,0.005
7.841,668.5534974489796,0.0,0.005
7.842,668.5534974489796,0.0,0.005
7.843,668.5534974489796,0.0,0.004
7.844,668.5534974489796,0.0,0.004
7.845,668.5534974489796,0.0,0.004
7.846,668.5534974489796,0.0,0.004
7.847,668.5534974489796,0.0,0.004
7.848,668.5534974489796,0.0,0.004
7.849,668.5534974489796,0.0,0.004
7.85,668.5534974489796,0.0,0.004
7.851,668.5534974489796,0.0,0.004
7.852,668.5534974489796,0.0,0.004
7.853,668.5534974489796,0.0,0.004
7.854,668.5534974489796,0.0,0.004
7.855,668.5534974489796,0.0,0.005
7.856,668.5534974489796,0.0,0.005
7.857,668.5534974489796,0.0,0.005
7.858,668.5534974489796,0.0,0.005
7.859,668.5534974489796,0.0,0.006
7.86,668.5534974489796,0.0,0.006
7.861,668.5534974489796,0.0,0.006
7.862,668.5534974489796,0.0,0.006
7.863,668.5534974489796,0.0,0.006
7.864,668.5534974489796,0.0,0.006
7.865,668.5534974489796,0.0,0.006
7.866,668.5534974489796,0.0,0.006
7.867,668.5534974489796,0.0,0.005
7.868,668.5534974489796,0.0,0.005
7.869,668.5534974489796,0.0,0.005
7.87,668.5534974489796,0.0,0.004
7.871,668.5534974489796,0.0,0.004
7.872,668.5534974489796,0.0,0.003
7.873,668.5534974489796,0.0,0.003
7.874,668.5534974489796,0.0,0.002
7.875,668.5534974489796,0.0,0.002
7.876,668.5534974489796,0.0,0.002
7.877,668.5534974489796,0.0,0.002
7.878,668.5534974489796,0.0,0.002
7.879,668.5534974489796,0.0,0.002
7.88,668.5534974489796,0.0,0.001
7.881,668.5534974489796,0.0,0.001
7.882,668.5534974489796,0.0,0.001
7.883,668.5534974489796,0.0,0.001
7.884,668.5534974489796,0.0,0.001
7.885,668.5534974489796,0.0,0.001
7.886,668.5534974489796,0.0,0.001
7.887,668.5534974489796,0.0,0.001
7.888,668.5534974489796,0.0,0.001
7.889,668.5534974489796,0.0,0.001
7.89,668.5534974489796,0.0,0.001
7.891,668.5534974489796,0.0,0.001
7.892,668.5534974489796,0.0,0.001
7.893,668.5534974489796,0.0,0.001
7.894,668.5534974489796,0.0,0.001
7.895,668.5534974489796,0.0,0.001
7.896,668.5534974489796,0.0,0.001
7.897,668.5534974489796,0.0,0.001
7.898,668.5534974489796,0.0,0.001
7.899,668.5534974489796,0.0,0.001
7.9,668.5534974489796,0.0,0.001
7.901,668.5534974489796,0.0,0.002
7.902,668.5534974489796,0.0,0.002
7.903,668.5534974489796,0.0,0.002
7.904,668.5534974489796,0.0,0.002
7.905,668.5534974489796,0.0,0.003
7.906,668.5534974489796,0.0,0.003
7.907,668.5534974489796,0.0,0.003
7.908,668.5534974489796,0.0,0.004
7.909,668.5534974489796,0.0,0.004
7.91,668.5534974489796,0.0,0.005
7.911,668.5534974489796,0.0,0.005
7.912,668.5534974489796,0.0,0.006
7.913,668.5534974489796,0.0,0.006
7.914,668.5534974489796,0.0,0.007
7.915,668.5534974489796,0.0,0.007
7.916,668.5534974489796,0.0,0.008
7.917,668.5534974489796,0.0,0.008
7.918,668.5534974489796,0.0,0.008
7.919,668.5534974489796,0.0,0.008
7.92,668.5534974489796,0.0,0.008
7.921,668.5534974489796,0.0,0.008
7.922,668.5534974489796,0.0,0.008
7.923,668.5534974489796,0.0,0.008
7.924,668.5534974489796,0.0,0.008
7.925,668.5534974489796,0.0,0.008
7.926,668.5534974489796,0.0,0.008
7.927,668.5534974489796,0.0,0.007
7.928,668.5534974489796,0.0,0.008
7.929,668.5534974489796,0.0,0.008
7.93,668.5534974489796,0.0,0.009
7.931,668.5534974489796,0.0,0.009
7.932,668.5534974489796,0.0,0.01
7.933,668.5534974489796,0.0,0.01
7.934,668.5534974489796,0.0,0.01
7.935,668.5534974489796,0.0,0.01
7.936,668.5534974489796,0.0,0.011
7.937,668.5534974489796,0.0,0.011
7.938,668.5534974489796,0.0,0.012
7.939,668.5534974489796,0.0,0.012
7.94,668.5534974489796,0.0,0.013
7.941,668.5534974489796,0.0,0.013
7.942,668.5534974489796,0.0,0.013
7.943,668.5534974489796,0.0,0.013
7.944,668.5534974489796,0.0,0.014
7.945,668.5534974489796,0.0,0.015
7.946,668.5534974489796,0.0,0.015
7.947,668.5534974489796,0.0,0.014
7.948,668.5534974489796,0.0,0.015
7.949,668.5534974489796,0.0,0.016
7.95,668.5534974489796,0.0,0.017
7.951,668.5534974489796,0.0,0.016
7.952,668.5534974489796,0.0,0.016
7.953,668.5534974489796,0.0,0.017
7.954,668.5534974489796,0.0,0.018
7.955,668.5534974489796,0.0,0.018
7.956,668.5534974489796,0.0,0.018
7.957,668.5534974489796,0.0,0.018
7.958,668.5534974489796,0.0,0.019
7.959,668.5534974489796,0.0,0.018
7.96,668.5534974489796,0.0,0.019
7.961,668.5534974489796,0.0,0.021
7.962,668.5534974489796,0.0,0.021
7.963,668.5534974489796,0.0,0.021
7.964,668.5534974489796,0.0,0.022
7.965,795.0538588775511,0.0,0.024
7.966,795.0538588775511,0.0,0.026
7.967,795.0538588775511,0.0,0.026
7.968,795.0538588775511,0.0,0.027
7.969,795.0538588775511,0.0,0.03
7.97,795.0538588775511,0.0,0.033
7.971,795.0538588775511,0.0,0.033
7.972,795.0538588775511,0.0,0.031
7.973,795.0538588775511,0.0,0.031
7.974,795.0538588775511,0.0,0.035
7.975,795.0538588775511,0.0,0.035
7.976,795.0538588775511,0.0,0.033
7.977,795.0538588775511,0.0,0.035
7.978,795.0538588775511,0.0,0.037
7.979,795.0538588775511,0.0,0.038
7.98,795.0538588775511,0.0,0.034
7.981,795.0538588775511,0.0,0.035
7.982,795.0538588775511,0.0,0.039
7.983,795.0538588775511,0.0,0.042
7.984,795.0538588775511,0.0,0.044
7.985,795.0538588775511,0.0,0.045
7.986,795.0538588775511,0.0,0.048
7.987,795.0538588775511,0.0,0.048
7.988,795.0538588775511,0.0,0.046
7.989,795.0538588775511,0.0,0.045
7.99,795.0538588775511,0.0,0.043
7.991,795.0538588775511,0.0,0.044
7.992,795.0538588775511,0.0,0.044
7.993,795.0538588775511,0.0,0.045
7.994,795.0538588775511,0.0,0.048
7.995,795.0538588775511,0.0,0.047
7.996,795.0538588775511,0.0,0.045
7.997,795.0538588775511,0.0,0.045
7.998,795.0538588775511,0.0,0.046
7.999,795.0538588775511,0.0,0.05
8.0,795.0538588775511,0.0,0.049
8.001,795.0538588775511,0.0,0.051
8.002,795.0538588775511,0.0,0.052
8.003,795.0538588775511,0.0,0.051
8.004,795.0538588775511,0.0,0.05
8.005,795.0538588775511,0.0,0.046
8.006,795.0538588775511,0.0,0.046
8.007,795.0538588775511,0.0,0.047
8.008,795.0538588775511,0.0,0.048
8.009,795.0538588775511,0.0,0.05
8.01,795.0538588775511,0.0,0.049
8.011,795.0538588775511,0.0,0.049
8.012,795.0538588775511,0.0,0.045
8.013,795.0538588775511,0.0,0.041
8.014,795.0538588775511,0.0,0.04
8.015,795.0538588775511,0.0,0.04
8.016,795.0538588775511,0.0,0.043
8.017,795.0538588775511,0.0,0.043
8.018,795.0538588775511,0.0,0.043
8.019,795.0538588775511,0.0,0.042
8.02,795.0538588775511,0.0,0.041
8.021,795.0538588775511,0.0,0.039
8.022,795.0538588775511,0.0,0.039
8.023,795.0538588775511,0.0,0.038
8.024,795.0538588775511,0.0,0.04
8.025,795.0538588775511,0.0,0.042
8.026,795.0538588775511,0.0,0.042
8.027,795.0538588775511,0.0,0.041
8.028,795.0538588775511,0.0,0.039
8.029,795.0538588775511,0.0,0.038
8.03,795.0538588775511,0.0,0.036
8.031,795.0538588775511,0.0,0.035
8.032,795.0538588775511,0.0,0.036
8.033,795.0538588775511,0.0,0.037
8.034,795.0538588775511,0.0,0.038
8.035,795.0538588775511,0.0,0.037
8.036,795.0538588775511,0.0,0.035
8.037,795.0538588775511,0.0,0.033
8.038,795.0538588775511,0.0,0.033
8.039,795.0538588775511,0.0,0.034
8.04,795.0538588775511,0.0,0.034
8.041,795.0538588775511,0.0,0.035
8.042,795.0538588775511,0.0,0.035
8.043,795.0538588775511,0.0,0.035
8.044,795.0538588775511,0.0,0.034
8.045,795.0538588775511,0.0,0.032
8.046,795.0538588775511,0.0,0.031
8.047,795.0538588775511,0.0,0.032
8.048,795.0538588775511,0.0,0.034
8.049,795.0538588775511,0.0,0.036
8.05,795.0538588775511,0.0,0.036
8.051,795.0538588775511,0.0,0.034
8.052,795.0538588775511,0.0,0.033
8.053,795.0538588775511,0.0,0.032
8.054,795.0538588775511,0.0,0.031
8.055,795.0538588775511,0.0,0.03
8.056,795.0538588775511,0.0,0.032
8.057,795.0538588775511,0.0,0.033
8.058,795.0538588775511,0.0,0.034
8.059,795.0538588775511,0.0,0.034
8.06,795.0538588775511,0.0,0.034
8.061,795.0538588775511,0.0,0.034
8.062,795.0538588775511,0.0,0.034
8.063,795.0538588775511,0.0,0.035
8.064,795.0538588775511,0.0,0.037
8.065,795.0538588775511,0.0,0.041
8.066,795.0538588775511,0.0,0.043
8.067,795.0538588775511,0.0,0.043
8.068,795.0538588775511,0.0,0.044
8.069,795.0538588775511,0.0,0.046
8.07,795.0538588775511,0.0,0.049
8.071,795.0538588775511,0.0,0.048
8.072,795.0538588775511,0.0,0.05
8.073,795.0538588775511,0.0,0.055
8.074,795.0538588775511,0.0,0.057
8.075,795.0538588775511,0.0,0.056
8.076,795.0538588775511,0.0,0.055
8.077,795.0538588775511,0.0,0.055
8.078,795.0538588775511,0.0,0.055
8.079,795.0538588775511,0.0,0.054
8.08,795.0538588775511,0.0,0.054
8.081,795.0538588775511,0.0,0.054
8.082,795.0538588775511,0.0,0.054
8.083,795.0538588775511,0.0,0.052
8.084,795.0538588775511,0.0,0.048
8.085,795.0538588775511,0.0,0.045
8.086,795.0538588775511,0.0,0.044
8.087,795.0538588775511,0.0,0.042
8.088,795.0538588775511,0.0,0.038
8.089,795.0538588775511,0.0,0.036
8.09,795.0538588775511,0.0,0.036
8.091,795.0538588775511,0.0,0.034
8.092,795.0538588775511,0.0,0.03
8.093,795.0538588775511,0.0,0.028
8.094,795.0538588775511,0.0,0.027
8.095,795.0538588775511,0.0,0.025
8.096,795.0538588775511,0.0,0.023
8.097,795.0538588775511,0.0,0.022
8.098,795.0538588775511,0.0,0.021
8.099,795.0538588775511,0.0,0.02
8.1,795.0538588775511,0.0,0.019
8.101,795.0538588775511,0.0,0.019
8.102,795.0538588775511,0.0,0.02
8.103,795.0538588775511,0.0,0.02
8.104,795.0538588775511,0.0,0.021
8.105,795.0538588775511,0.0,0.021
8.106,795.0538588775511,0.0,0.022
8.107,795.0538588775511,0.0,0.023
8.108,795.0538588775511,0.0,0.023
8.109,795.0538588775511,0.0,0.022
8.11,795.0538588775511,0.0,0.022
8.111,795.0538588775511,0.0,0.023
8.112,795.0538588775511,0.0,0.022
8.113,795.0538588775511,0.0,0.022
8.114,795.0538588775511,0.0,0.021
8.115,795.0538588775511,0.0,0.019
8.116,795.0538588775511,0.0,0.017
8.117,795.0538588775511,0.0,0.016
8.118,795.0538588775511,0.0,0.015
8.119,795.0538588775511,0.0,0.014
8.12,795.0538588775511,0.0,0.012
8.121,795.0538588775511,0.0,0.011
8.122,795.0538588775511,0.0,0.01
8.123,795.0538588775511,0.0,0.008
8.124,795.0538588775511,0.0,0.007
8.125,795.0538588775511,0.0,0.006
8.126,795.0538588775511,0.0,0.005
8.127,795.0538588775511,0.0,0.004
8.128,795.0538588775511,0.0,0.003
8.129,795.0538588775511,0.0,0.003
8.13,795.0538588775511,0.0,0.002
8.131,795.0538588775511,0.0,0.002
8.132,795.0538588775511,0.0,0.002
8.133,795.0538588775511,0.0,0.001
8.134,795.0538588775511,0.0,0.001
8.135,631.0313443877551,0.0,0.001
8.136,631.0313443877551,0.0,0.001
8.137,631.0313443877551,0.0,0.001
8.138,631.0313443877551,0.0,0.001
8.139,631.0313443877551,0.0,0.001
8.14,631.0313443877551,0.0,0.002
8.141,631.0313443877551,0.0,0.002
8.142,631.0313443877551,0.0,0.002
8.143,631.0313443877551,0.0,0.002
8.144,631.0313443877551,0.0,0.002
8.145,631.0313443877551,0.0,0.002
8.146,631.0313443877551,0.0,0.002
8.147,631.0313443877551,0.0,0.002
8.148,631.0313443877551,0.0,0.003
8.149,631.0313443877551,0.0,0.003
8.15,631.0313443877551,0.0,0.003
8.151,631.0313443877551,0.0,0.003
8.152,631.0313443877551,0.0,0.003
8.153,631.0313443877551,0.0,0.003
8.154,631.0313443877551,0.0,0.003
8.155,631.0313443877551,0.0,0.003
8.156,631.0313443877551,0.0,0.004
8.157,631.0313443877551,0.0,0.004
8.158,631.0313443877551,0.0,0.004
8.159,631.0313443877551,0.0,0.004
8.16,631.0313443877551,0.0,0.004
8.161,631.0313443877551,0.0,0.004
8.162,631.0313443877551,0.0,0.004
8.163,631.0313443877551,0.0,0.004
8.164,631.0313443877551,0.0,0.004
8.165,631.0313443877551,0.0,0.004
8.166,631.0313443877551,0.0,0.004
8.167,631.0313443877551,0.0,0.004
8.168,631.0313443877551,0.0,0.004
8.169,631.0313443877551,0.0,0.004
8.17,631.0313443877551,0.0,0.004
8.171,631.0313443877551,0.0,0.004
8.172,631.0313443877551,0.0,0.004
8.173,631.0313443877551,0.0,0.003
8.174,631.0313443877551,0.0,0.003
8.175,631.0313443877551,0.0,0.003
8.176,631.0313443877551,0.0,0.003
8.177,631.0313443877551,0.0,0.003
8.178,631.0313443877551,0.0,0.002
8.179,631.0313443877551,0.0,0.002
8.18,631.0313443877551,0.0,0.002
8.181,631.0313443877551,0.0,0.002
8.182,631.0313443877551,0.0,0.002
8.183,631.0313443877551,0.0,0.002
8.184,631.0313443877551,0.0,0.002
8.185,631.0313443877551,0.0,0.002
8.186,631.0313443877551,0.0,0.002
8.187,631.0313443877551,0.0,0.002
8.188,631.0313443877551,0.0,0.002
8.189,631.0313443877551,0.0,0.002
8.19,631.0313443877551,0.0,0.002
8.191,631.0313443877551,0.0,0.002
8.192,631.0313443877551,0.0,0.002
8.193,631.0313443877551,0.0,0.002
8.194,631.0313443877551,0.0,0.002
8.195,631.0313443877551,0.0,0.003
8.196,631.0313443877551,0.0,0.003
8.197,631.0313443877551,0.0,0.003
8.198,631.0313443877551,0.0,0.003
8.199,631.0313443877551,0.0,0.003
8.2,631.0313443877551,0.0,0.003
8.201,631.0313443877551,0.0,0.003
8.202,631.0313443877551,0.0,0.003
8.203,631.0313443877551,0.0,0.003
8.204,631.0313443877551,0.0,0.003
8.205,631.0313443877551,0.0,0.003
8.206,631.0313443877551,0.0,0.003
8.207,631.0313443877551,0.0,0.003
8.208,631.0313443877551,0.0,0.002
8.209,631.0313443877551,0.0,0.002
8.21,631.0313443877551,0.0,0.002
8.211,631.0313443877551,0.0,0.003
8.212,631.0313443877551,0.0,0.003
8.213,631.0313443877551,0.0,0.003
8.214,631.0313443877551,0.0,0.003
8.215,631.0313443877551,0.0,0.003
8.216,631.0313443877551,0.0,0.004
8.217,631.0313443877551,0.0,0.004
8.218,631.0313443877551,0.0,0.004
8.219,631.0313443877551,0.0,0.004
8.22,631.0313443877551,0.0,0.005
8.221,631.0313443877551,0.0,0.005
8.222,631.0313443877551,0.0,0.005
8.223,631.0313443877551,0.0,0.005
8.224,631.0313443877551,0.0,0.005
8.225,631.0313443877551,0.0,0.004
8.226,631.0313443877551,0.0,0.004
8.227,631.0313443877551,0.0,0.004
8.228,631.0313443877551,0.0,0.003
8.229,631.0313443877551,0.0,0.003
8.23,631.0313443877551,0.0,0.003
8.231,631.0313443877551,0.0,0.002
8.232,631.0313443877551,0.0,0.002
8.233,631.0313443877551,0.0,0.002
8.234,631.0313443877551,0.0,0.002
8.235,631.0313443877551,0.0,0.002
8.236,631.0313443877551,0.0,0.002
8.237,631.0313443877551,0.0,0.002
8.238,631.0313443877551,0.0,0.002
8.239,631.0313443877551,0.0,0.003
8.24,631.0313443877551,0.0,0.003
8.241,631.0313443877551,0.0,0.003
8.242,631.0313443877551,0.0,0.003
8.243,631.0313443877551,0.0,0.003
8.244,631.0313443877551,0.0,0.004
8.245,631.0313443877551,0.0,0.005
8.246,631.0313443877551,0.0,0.007
8.247,631.0313443877551,0.0,0.009
8.248,631.0313443877551,0.0,0.011
8.249,631.0313443877551,0.0,0.014
8.25,631.0313443877551,0.0,0.016
8.251,631.0313443877551,0.0,0.02
8.252,631.0313443877551,0.0,0.024
8.253,631.0313443877551,0.0,0.025
8.254,631.0313443877551,0.0,0.025
8.255,631.0313443877551,0.0,0.026
8.256,631.0313443877551,0.0,0.025
8.257,631.0313443877551,0.0,0.026
8.258,631.0313443877551,0.0,0.026
8.259,631.0313443877551,0.0,0.024
8.26,631.0313443877551,0.0,0.022
8.261,631.0313443877551,0.0,0.023
8.262,631.0313443877551,0.0,0.023
8.263,631.0313443877551,0.0,0.019
8.264,631.0313443877551,0.0,0.016
8.265,631.0313443877551,0.0,0.014
8.266,631.0313443877551,0.0,0.011
8.267,631.0313443877551,0.0,0.013
8.268,631.0313443877551,0.0,0.013
8.269,631.0313443877551,0.0,0.012
8.27,668.5534974489796,0.0,0.013
8.271,668.5534974489796,0.0,0.012
8.272,668.5534974489796,0.0,0.011
8.273,668.5534974489796,0.0,0.011
8.274,668.5534974489796,0.0,0.01
8.275,668.5534974489796,0.0,0.009
8.276,668.5534974489796,0.0,0.008
8.277,668.5534974489796,0.0,0.008
8.278,668.5534974489796,0.0,0.007
8.279,668.5534974489796,0.0,0.006
8.28,668.5534974489796,0.0,0.006
8.281,668.5534974489796,0.0,0.006
8.282,668.5534974489796,0.0,0.005
8.283,668.5534974489796,0.0,0.005
8.284,668.5534974489796,0.0,0.005
8.285,668.5534974489796,0.0,0.005
8.286,668.5534974489796,0.0,0.005
8.287,668.5534974489796,0.0,0.005
8.288,668.5534974489796,0.0,0.004
8.289,668.5534974489796,0.0,0.004
8.29,668.5534974489796,0.0,0.004
8.291,668.5534974489796,0.0,0.004
8.292,668.5534974489796,0.0,0.004
8.293,668.5534974489796,0.0,0.004
8.294,668.5534974489796,0.0,0.004
8.295,668.5534974489796,0.0,0.004
8.296,668.5534974489796,0.0,0.004
8.297,668.5534974489796,0.0,0.003
8.298,668.5534974489796,0.0,0.003
8.299,668.5534974489796,0.0,0.003
8.3,668.5534974489796,0.0,0.003
8.301,668.5534974489796,0.0,0.003
8.302,668.5534974489796,0.0,0.003
8.303,668.5534974489796,0.0,0.003
8.304,668.5534974489796,0.0,0.003
8.305,668.5534974489796,0.0,0.003
8.306,668.5534974489796,0.0,0.003
8.307,668.5534974489796,0.0,0.004
8.308,668.5534974489796,0.0,0.004
8.309,668.5534974489796,0.0,0.004
8.31,668.5534974489796,0.0,0.004
8.311,668.5534974489796,0.0,0.004
8.312,668.5534974489796,0.0,0.005
8.313,668.5534974489796,0.0,0.005
8.314,668.5534974489796,0.0,0.006
8.315,668.5534974489796,0.0,0.006
8.316,668.5534974489796,0.0,0.007
8.317,668.5534974489796,0.0,0.008
8.318,668.5534974489796,0.0,0.009
8.319,668.5534974489796,0.0,0.01
8.32,668.5534974489796,0.0,0.011
8.321,668.5534974489796,0.0,0.012
8.322,668.5534974489796,0.0,0.013
8.323,668.5534974489796,0.0,0.013
8.324,668.5534974489796,0.0,0.014
8.325,668.5534974489796,0.0,0.013
8.326,668.5534974489796,0.0,0.014
8.327,668.5534974489796,0.0,0.015
8.328,668.5534974489796,0.0,0.014
8.329,668.5534974489796,0.0,0.013
8.33,668.5534974489796,0.0,0.012
8.331,668.5534974489796,0.0,0.011
8.332,668.5534974489796,0.0,0.011
8.333,668.5534974489796,0.0,0.01
8.334,668.5534974489796,0.0,0.009
8.335,668.5534974489796,0.0,0.009
8.336,668.5534974489796,0.0,0.008
8.337,668.5534974489796,0.0,0.007
8.338,668.5534974489796,0.0,0.007
8.339,668.5534974489796,0.0,0.006
8.34,668.5534974489796,0.0,0.006
8.341,668.5534974489796,0.0,0.006
8.342,668.5534974489796,0.0,0.006
8.343,668.5534974489796,0.0,0.006
8.344,668.5534974489796,0.0,0.006
8.345,668.5534974489796,0.0,0.006
8.346,668.5534974489796,0.0,0.005
8.347,668.5534974489796,0.0,0.005
8.348,668.5534974489796,0.0,0.004
8.349,668.5534974489796,0.0,0.004
8.35,668.5534974489796,0.0,0.003
8.351,668.5534974489796,0.0,0.002
8.352,668.5534974489796,0.0,0.002
8.353,668.5534974489796,0.0,0.002
8.354,668.5534974489796,0.0,0.001
8.355,668.5534974489796,0.0,0.001
8.356,668.5534974489796,0.0,0.001
8.357,668.5534974489796,0.0,0.001
8.358,668.5534974489796,0.0,0.001
8.359,668.5534974489796,0.0,0.001
8.36,668.5534974489796,0.0,0.002
8.361,668.5534974489796,0.0,0.002
8.362,668.5534974489796,0.0,0.002
8.363,668.5534974489796,0.0,0.002
8.364,668.5534974489796,0.0,0.002
8.365,668.5534974489796,0.0,0.002
8.366,668.5534974489796,0.0,0.002
8.367,668.5534974489796,0.0,0.002
8.368,668.5534974489796,0.0,0.003
8.369,668.5534974489796,0.0,0.003
8.37,668.5534974489796,0.0,0.003
8.371,668.5534974489796,0.0,0.003
8.372,668.5534974489796,0.0,0.003
8.373,668.5534974489796,0.0,0.002
8.374,668.5534974489796,0.0,0.002
8.375,668.5534974489796,0.0,0.002
8.376,668.5534974489796,0.0,0.002
8.377,668.5534974489796,0.0,0.002
8.378,668.5534974489796,0.0,0.002
8.379,668.5534974489796,0.0,0.002
8.38,668.5534974489796,0.0,0.002
8.381,668.5534974489796,0.0,0.002
8.382,668.5534974489796,0.0,0.002
8.383,668.5534974489796,0.0,0.002
8.384,668.5534974489796,0.0,0.002
8.385,668.5534974489796,0.0,0.002
8.386,668.5534974489796,0.0,0.002
8.387,668.5534974489796,0.0,0.002
8.388,668.5534974489796,0.0,0.002
8.389,668.5534974489796,0.0,0.003
8.39,668.5534974489796,0.0,0.003
8.391,668.5534974489796,0.0,0.004
8.392,668.5534974489796,0.0,0.004
8.393,668.5534974489796,0.0,0.005
8.394,668.5534974489796,0.0,0.007
8.395,668.5534974489796,0.0,0.008
8.396,668.5534974489796,0.0,0.01
8.397,668.5534974489796,0.0,0.012
8.398,668.5534974489796,0.0,0.015
8.399,668.5534974489796,0.0,0.017
8.4,668.5534974489796,0.0,0.02
8.401,668.5534974489796,0.0,0.025
8.402,668.5534974489796,0.0,0.03
8.403,668.5534974489796,0.0,0.036
8.404,668.5534974489796,0.0,0.041
8.405,668.5534974489796,0.0,0.046
8.406,668.5534974489796,0.0,0.05
8.407,668.5534974489796,0.0,0.055
8.408,668.5534974489796,0.0,0.056
8.409,668.5534974489796,0.0,0.056
8.41,668.5534974489796,0.0,0.056
8.411,668.5534974489796,0.0,0.056
8.412,668.5534974489796,0.0,0.054
8.413,668.5534974489796,0.0,0.053
8.414,668.5534974489796,0.0,0.051
8.415,668.5534974489796,0.0,0.045
8.416,668.5534974489796,0.0,0.037
8.417,668.5534974489796,0.0,0.031
8.418,668.5534974489796,0.0,0.025
8.419,668.5534974489796,0.0,0.021
8.42,668.5534974489796,0.0,0.021
8.421,668.5534974489796,0.0,0.022
8.422,668.5534974489796,0.0,0.023
8.423,668.5534974489796,0.0,0.023
8.424,668.5534974489796,0.0,0.023
8.425,668.5534974489796,0.0,0.024
8.426,1001.7096521428571,0.0,0.023
8.427,1001.7096521428571,0.0,0.024
8.428,1001.7096521428571,0.0,0.024
8.429,1001.7096521428571,0.0,0.023
8.43,1001.7096521428571,0.0,0.022
8.431,1001.7096521428571,0.0,0.021
8.432,1001.7096521428571,0.0,0.019
8.433,1001.7096521428571,0.0,0.018
8.434,1001.7096521428571,0.0,0.016
8.435,1001.7096521428571,0.0,0.015
8.436,1001.7096521428571,0.0,0.013
8.437,1001.7096521428571,0.0,0.011
8.438,1001.7096521428571,0.0,0.011
8.439,1001.7096521428571,0.0,0.011
8.44,1001.7096521428571,0.0,0.011
8.441,1001.7096521428571,0.0,0.011
8.442,1001.7096521428571,0.0,0.011
8.443,1001.7096521428571,0.0,0.011
8.444,1001.7096521428571,0.0,0.011
8.445,1001.7096521428571,0.0,0.011
8.446,1001.7096521428571,0.0,0.011
8.447,1001.7096521428571,0.0,0.011
8.448,1001.7096521428571,0.0,0.011
8.449,1001.7096521428571,0.0,0.011
8.45,1001.7096521428571,0.0,0.012
8.451,1001.7096521428571,0.0,0.011
8.452,1001.7096521428571,0.0,0.012
8.453,1001.7096521428571,0.0,0.013
8.454,1001.7096521428571,0.0,0.013
8.455,1001.7096521428571,0.0,0.013
8.456,1001.7096521428571,0.0,0.014
8.457,1001.7096521428571,0.0,0.015
8.458,1001.7096521428571,0.0,0.016
8.459,1001.7096521428571,0.0,0.016
8.46,1001.7096521428571,0.0,0.017
8.461,1001.7096521428571,0.0,0.017
8.462,1001.7096521428571,0.0,0.018
8.463,1001.7096521428571,0.0,0.02
8.464,1001.7096521428571,0.0,0.021
8.465,1001.7096521428571,0.0,0.021
8.466,1001.7096521428571,0.0,0.022
8.467,1001.7096521428571,0.0,0.024
8.468,1001.7096521428571,0.0,0.024
8.469,1001.7096521428571,0.0,0.025
8.47,1001.7096521428571,0.0,0.025
8.471,1001.7096521428571,0.0,0.027
8.472,1001.7096521428571,0.0,0.028
8.473,1001.7096521428571,0.0,0.027
8.474,1001.7096521428571,0.0,0.027
8.475,1001.7096521428571,0.0,0.027
8.476,1001.7096521428571,0.0,0.026
8.477,1001.7096521428571,0.0,0.026
8.478,1001.7096521428571,0.0,0.026
8.479,1001.7096521428571,0.0,0.025
8.48,1001.7096521428571,0.0,0.023
8.481,1001.7096521428571,0.0,0.022
8.482,1001.7096521428571,0.0,0.022
8.483,1001.7096521428571,0.0,0.021
8.484,1001.7096521428571,0.0,0.02
8.485,1001.7096521428571,0.0,0.019
8.486,1001.7096521428571,0.0,0.019
8.487,1001.7096521428571,0.0,0.019
8.488,1001.7096521428571,0.0,0.018
8.489,1001.7096521428571,0.0,0.016
8.49,1001.7096521428571,0.0,0.016
8.491,1001.7096521428571,0.0,0.016
8.492,1001.7096521428571,0.0,0.015
8.493,1001.7096521428571,0.0,0.015
8.494,1001.7096521428571,0.0,0.014
8.495,1001.7096521428571,0.0,0.014
8.496,1001.7096521428571,0.0,0.013
8.497,1001.7096521428571,0.0,0.013
8.498,1001.7096521428571,0.0,0.014
8.499,1001.7096521428571,0.0,0.013
8.5,1001.7096521428571,0.0,0.013
8.501,1001.7096521428571,0.0,0.013
8.502,1001.7096521428571,0.0,0.013
8.503,1001.7096521428571,0.0,0.013
8.504,1001.7096521428571,0.0,0.013
8.505,1001.7096521428571,0.0,0.013
8.506,1001.7096521428571,0.0,0.013
8.507,1001.7096521428571,0.0,0.013
8.508,1001.7096521428571,0.0,0.013
8.509,1001.7096521428571,0.0,0.013
8.51,1001.7096521428571,0.0,0.013
8.511,1001.7096521428571,0.0,0.014
8.512,1001.7096521428571,0.0,0.014
8.513,1001.7096521428571,0.0,0.015
8.514,1001.7096521428571,0.0,0.015
8.515,1001.7096521428571,0.0,0.016
8.516,1001.7096521428571,0.0,0.017
8.517,1001.7096521428571,0.0,0.018
8.518,1001.7096521428571,0.0,0.019
8.519,1001.7096521428571,0.0,0.019
8.52,1001.7096521428571,0.0,0.019
8.521,1001.7096521428571,0.0,0.02
8.522,1001.7096521428571,0.0,0.022
8.523,1001.7096521428571,0.0,0.023
8.524,1001.7096521428571,0.0,0.023
8.525,1001.7096521428571,0.0,0.023
8.526,1001.7096521428571,0.0,0.024
8.527,1001.7096521428571,0.0,0.025
8.528,1001.7096521428571,0.0,0.026
8.529,1001.7096521428571,0.0,0.025
8.53,1001.7096521428571,0.0,0.025
8.531,1001.7096521428571,0.0,0.025
8.532,1001.7096521428571,0.0,0.026
8.533,1001.7096521428571,0.0,0.025
8.534,1001.7096521428571,0.0,0.024
8.535,1001.7096521428571,0.0,0.023
8.536,1001.7096521428571,0.0,0.023
8.537,1001.7096521428571,0.0,0.023
8.538,1001.7096521428571,0.0,0.023
8.539,1001.7096521428571,0.0,0.021
8.54,1001.7096521428571,0.0,0.02
8.541,1001.7096521428571,0.0,0.019
8.542,1001.7096521428571,0.0,0.02
8.543,1001.7096521428571,0.0,0.02
8.544,1001.7096521428571,0.0,0.018
8.545,1001.7096521428571,0.0,0.017
8.546,1001.7096521428571,0.0,0.018
8.547,1001.7096521428571,0.0,0.019
8.548,1001.7096521428571,0.0,0.018
8.549,1001.7096521428571,0.0,0.018
8.55,1001.7096521428571,0.0,0.018
8.551,1001.7096521428571,0.0,0.02
8.552,1001.7096521428571,0.0,0.021
8.553,1001.7096521428571,0.0,0.021
8.554,1001.7096521428571,0.0,0.021
8.555,1001.7096521428571,0.0,0.022
8.556,1001.7096521428571,0.0,0.024
8.557,1001.7096521428571,0.0,0.027
8.558,1001.7096521428571,0.0,0.027
8.559,1001.7096521428571,0.0,0.027
8.56,1001.7096521428571,0.0,0.028
8.561,1001.7096521428571,0.0,0.033
8.562,1001.7096521428571,0.0,0.037
8.563,1001.7096521428571,0.0,0.037
8.564,1001.7096521428571,0.0,0.037
8.565,1001.7096521428571,0.0,0.04
8.566,1001.7096521428571,0.0,0.046
8.567,1001.7096521428571,0.0,0.05
8.568,1001.7096521428571,0.0,0.051
8.569,1001.7096521428571,0.0,0.051
8.57,842.3317717346939,0.0,0.054
8.571,842.3317717346939,0.0,0.061
8.572,842.3317717346939,0.0,0.065
8.573,842.3317717346939,0.0,0.065
8.574,842.3317717346939,0.0,0.066
8.575,842.3317717346939,0.0,0.072
8.576,842.3317717346939,0.0,0.076
8.577,842.3317717346939,0.0,0.077
8.578,842.3317717346939,0.0,0.076
8.579,842.3317717346939,0.0,0.076
8.58,842.3317717346939,0.0,0.079
8.581,842.3317717346939,0.0,0.082
8.582,842.3317717346939,0.0,0.08
8.583,842.3317717346939,0.0,0.077
8.584,842.3317717346939,0.0,0.078
8.585,842.3317717346939,0.0,0.081
8.586,842.3317717346939,0.0,0.081
8.587,842.3317717346939,0.0,0.075
8.588,842.3317717346939,0.0,0.068
8.589,842.3317717346939,0.0,0.068
8.59,842.3317717346939,0.0,0.072
8.591,842.3317717346939,0.0,0.071
8.592,842.3317717346939,0.0,0.065
8.593,842.3317717346939,0.0,0.061
8.594,842.3317717346939,0.0,0.06
8.595,842.3317717346939,0.0,0.062
8.596,842.3317717346939,0.0,0.062
8.597,842.3317717346939,0.0,0.059
8.598,842.3317717346939,0.0,0.052
8.599,842.3317717346939,0.0,0.049
8.6,842.3317717346939,0.0,0.051
8.601,842.3317717346939,0.0,0.05
8.602,842.3317717346939,0.0,0.044
8.603,842.3317717346939,0.0,0.038
8.604,842.3317717346939,0.0,0.035
8.605,842.3317717346939,0.0,0.035
8.606,842.3317717346939,0.0,0.034
8.607,842.3317717346939,0.0,0.031
8.608,842.3317717346939,0.0,0.028
8.609,842.3317717346939,0.0,0.027
8.61,842.3317717346939,0.0,0.027
8.611,842.3317717346939,0.0,0.026
8.612,842.3317717346939,0.0,0.024
8.613,842.3317717346939,0.0,0.023
8.614,842.3317717346939,0.0,0.024
8.615,842.3317717346939,0.0,0.023
8.616,842.3317717346939,0.0,0.022
8.617,842.3317717346939,0.0,0.022
8.618,842.3317717346939,0.0,0.022
8.619,842.3317717346939,0.0,0.022
8.62,842.3317717346939,0.0,0.023
8.621,842.3317717346939,0.0,0.022
8.622,842.3317717346939,0.0,0.021
8.623,842.3317717346939,0.0,0.02
8.624,842.3317717346939,0.0,0.021
8.625,842.3317717346939,0.0,0.021
8.626,842.3317717346939,0.0,0.02
8.627,842.3317717346939,0.0,0.019
8.628,842.3317717346939,0.0,0.018
8.629,842.3317717346939,0.0,0.02
8.63,842.3317717346939,0.0,0.021
8.631,842.3317717346939,0.0,0.02
8.632,842.3317717346939,0.0,0.019
8.633,842.3317717346939,0.0,0.018
8.634,842.3317717346939,0.0,0.019
8.635,842.3317717346939,0.0,0.02
8.636,842.3317717346939,0.0,0.02
8.637,842.3317717346939,0.0,0.019
8.638,842.3317717346939,0.0,0.019
8.639,842.3317717346939,0.0,0.02
8.64,842.3317717346939,0.0,0.022
8.641,842.3317717346939,0.0,0.024
8.642,842.3317717346939,0.0,0.025
8.643,842.3317717346939,0.0,0.025
8.644,842.3317717346939,0.0,0.025
8.645,842.3317717346939,0.0,0.027
8.646,842.3317717346939,0.0,0.031
8.647,842.3317717346939,0.0,0.034
8.648,842.3317717346939,0.0,0.036
8.649,842.3317717346939,0.0,0.036
8.65,842.3317717346939,0.0,0.039
8.651,842.3317717346939,0.0,0.045
8.652,842.3317717346939,0.0,0.051
8.653,842.3317717346939,0.0,0.054
8.654,842.3317717346939,0.0,0.055
8.655,842.3317717346939,0.0,0.058
8.656,842.3317717346939,0.0,0.063
8.657,842.3317717346939,0.0,0.069
8.658,842.3317717346939,0.0,0.072
8.659,842.3317717346939,0.0,0.071
8.66,842.3317717346939,0.0,0.072
8.661,842.3317717346939,0.0,0.074
8.662,842.3317717346939,0.0,0.076
8.663,842.3317717346939,0.0,0.076
8.664,842.3317717346939,0.0,0.074
8.665,842.3317717346939,0.0,0.071
8.666,842.3317717346939,0.0,0.071
8.667,842.3317717346939,0.0,0.073
8.668,842.3317717346939,0.0,0.07
8.669,842.3317717346939,0.0,0.062
8.67,842.3317717346939,0.0,0.057
8.671,842.3317717346939,0.0,0.058
8.672,842.3317717346939,0.0,0.057
8.673,842.3317717346939,0.0,0.05
8.674,842.3317717346939,0.0,0.043
8.675,842.3317717346939,0.0,0.043
8.676,842.3317717346939,0.0,0.046
8.677,842.3317717346939,0.0,0.044
8.678,842.3317717346939,0.0,0.041
8.679,842.3317717346939,0.0,0.038
8.68,842.3317717346939,0.0,0.039
8.681,842.3317717346939,0.0,0.044
8.682,842.3317717346939,0.0,0.045
8.683,842.3317717346939,0.0,0.042
8.684,842.3317717346939,0.0,0.041
8.685,842.3317717346939,0.0,0.045
8.686,842.3317717346939,0.0,0.05
8.687,842.3317717346939,0.0,0.051
8.688,842.3317717346939,0.0,0.051
8.689,842.3317717346939,0.0,0.052
8.69,842.3317717346939,0.0,0.055
8.691,842.3317717346939,0.0,0.06
8.692,842.3317717346939,0.0,0.067
8.693,842.3317717346939,0.0,0.068
8.694,842.3317717346939,0.0,0.066
8.695,842.3317717346939,0.0,0.069
8.696,842.3317717346939,0.0,0.078
8.697,842.3317717346939,0.0,0.082
8.698,842.3317717346939,0.0,0.083
8.699,842.3317717346939,0.0,0.086
8.7,842.3317717346939,0.0,0.092
8.701,842.3317717346939,0.0,0.099
8.702,842.3317717346939,0.0,0.101
8.703,842.3317717346939,0.0,0.102
8.704,842.3317717346939,0.0,0.107
8.705,842.3317717346939,0.0,0.111
8.706,842.3317717346939,0.0,0.111
8.707,842.3317717346939,0.0,0.109
8.708,842.3317717346939,0.0,0.112
8.709,842.3317717346939,0.0,0.118
8.71,842.3317717346939,0.0,0.119
8.711,842.3317717346939,0.0,0.115
8.712,842.3317717346939,0.0,0.113
8.713,842.3317717346939,0.0,0.117
8.714,842.3317717346939,0.0,0.121
8.715,842.3317717346939,0.0,0.117
8.716,842.3317717346939,0.0,0.112
8.717,842.3317717346939,0.0,0.11
8.718,842.3317717346939,0.0,0.11
8.719,842.3317717346939,0.0,0.106
8.72,842.3317717346939,0.0,0.102
8.721,842.3317717346939,0.0,0.098
8.722,842.3317717346939,0.0,0.098
8.723,842.3317717346939,0.0,0.099
8.724,842.3317717346939,0.0,0.096
8.725,842.3317717346939,0.0,0.091
8.726,842.3317717346939,0.0,0.085
8.727,842.3317717346939,0.0,0.082
8.728,842.3317717346939,0.0,0.08
8.729,842.3317717346939,0.0,0.077
8.73,842.3317717346939,0.0,0.073
8.731,842.3317717346939,0.0,0.068
8.732,842.3317717346939,0.0,0.065
8.733,842.3317717346939,0.0,0.065
8.734,842.3317717346939,0.0,0.063
8.735,842.3317717346939,0.0,0.057
8.736,842.3317717346939,0.0,0.054
8.737,842.3317717346939,0.0,0.055
8.738,842.3317717346939,0.0,0.055
8.739,842.3317717346939,0.0,0.054
8.74,842.3317717346939,0.0,0.051
8.741,842.3317717346939,0.0,0.052
8.742,842.3317717346939,0.0,0.052
8.743,842.3317717346939,0.0,0.049
8.744,842.3317717346939,0.0,0.048
8.745,842.3317717346939,0.0,0.05
8.746,842.3317717346939,0.0,0.052
8.747,595.6185447959184,0.0,0.049
8.748,595.6185447959184,0.0,0.048
8.749,595.6185447959184,0.0,0.052
8.75,595.6185447959184,0.0,0.054
8.751,595.6185447959184,0.0,0.054
8.752,595.6185447959184,0.0,0.053
8.753,595.6185447959184,0.0,0.053
8.754,595.6185447959184,0.0,0.055
8.755,595.6185447959184,0.0,0.058
8.756,595.6185447959184,0.0,0.059
8.757,595.6185447959184,0.0,0.062
8.758,595.6185447959184,0.0,0.064
8.759,595.6185447959184,0.0,0.064
8.76,595.6185447959184,0.0,0.062
8.761,595.6185447959184,0.0,0.064
8.762,595.6185447959184,0.0,0.07
8.763,595.6185447959184,0.0,0.07
8.764,595.6185447959184,0.0,0.066
8.765,595.6185447959184,0.0,0.067
8.766,595.6185447959184,0.0,0.074
8.767,595.6185447959184,0.0,0.076
8.768,595.6185447959184,0.0,0.072
8.769,595.6185447959184,0.0,0.072
8.77,595.6185447959184,0.0,0.079
8.771,595.6185447959184,0.0,0.082
8.772,595.6185447959184,0.0,0.081
8.773,595.6185447959184,0.0,0.082
8.774,595.6185447959184,0.0,0.083
8.775,595.6185447959184,0.0,0.083
8.776,595.6185447959184,0.0,0.081
8.777,595.6185447959184,0.0,0.081
8.778,595.6185447959184,0.0,0.082
8.779,595.6185447959184,0.0,0.083
8.78,595.6185447959184,0.0,0.081
8.781,595.6185447959184,0.0,0.078
8.782,595.6185447959184,0.0,0.079
8.783,595.6185447959184,0.0,0.079
8.784,595.6185447959184,0.0,0.078
8.785,595.6185447959184,0.0,0.073
8.786,595.6185447959184,0.0,0.073
8.787,595.6185447959184,0.0,0.074
8.788,595.6185447959184,0.0,0.071
8.789,595.6185447959184,0.0,0.069
8.79,595.6185447959184,0.0,0.07
8.791,595.6185447959184,0.0,0.071
8.792,595.6185447959184,0.0,0.07
8.793,595.6185447959184,0.0,0.065
8.794,595.6185447959184,0.0,0.064
8.795,595.6185447959184,0.0,0.066
8.796,595.6185447959184,0.0,0.067
8.797,595.6185447959184,0.0,0.064
8.798,595.6185447959184,0.0,0.059
8.799,595.6185447959184,0.0,0.059
8.8,595.6185447959184,0.0,0.063
8.801,595.6185447959184,0.0,0.065
8.802,595.6185447959184,0.0,0.061
8.803,595.6185447959184,0.0,0.057
8.804,595.6185447959184,0.0,0.06
8.805,595.6185447959184,0.0,0.062
8.806,595.6185447959184,0.0,0.059
8.807,595.6185447959184,0.0,0.056
8.808,595.6185447959184,0.0,0.058
8.809,595.6185447959184,0.0,0.06
8.81,595.6185447959184,0.0,0.058
8.811,595.6185447959184,0.0,0.056
8.812,595.6185447959184,0.0,0.056
8.813,595.6185447959184,0.0,0.057
8.814,595.6185447959184,0.0,0.056
8.815,595.6185447959184,0.0,0.053
8.816,595.6185447959184,0.0,0.051
8.817,595.6185447959184,0.0,0.052
8.818,595.6185447959184,0.0,0.052
8.819,595.6185447959184,0.0,0.05
8.82,595.6185447959184,0.0,0.048
8.821,595.6185447959184,0.0,0.046
8.822,595.6185447959184,0.0,0.046
8.823,595.6185447959184,0.0,0.046
8.824,595.6185447959184,0.0,0.046
8.825,595.6185447959184,0.0,0.046
8.826,595.6185447959184,0.0,0.047
8.827,595.6185447959184,0.0,0.049
8.828,595.6185447959184,0.0,0.05
8.829,595.6185447959184,0.0,0.051
8.83,595.6185447959184,0.0,0.054
8.831,595.6185447959184,0.0,0.056
8.832,595.6185447959184,0.0,0.059
8.833,595.6185447959184,0.0,0.062
8.834,595.6185447959184,0.0,0.062
8.835,595.6185447959184,0.0,0.061
8.836,595.6185447959184,0.0,0.061
8.837,595.6185447959184,0.0,0.06
8.838,595.6185447959184,0.0,0.059
8.839,595.6185447959184,0.0,0.059
8.84,595.6185447959184,0.0,0.057
8.841,595.6185447959184,0.0,0.054
8.842,595.6185447959184,0.0,0.053
8.843,595.6185447959184,0.0,0.054
8.844,595.6185447959184,0.0,0.053
8.845,595.6185447959184,0.0,0.049
8.846,595.6185447959184,0.0,0.049
8.847,595.6185447959184,0.0,0.051
8.848,595.6185447959184,0.0,0.051
8.849,595.6185447959184,0.0,0.048
8.85,595.6185447959184,0.0,0.043
8.851,595.6185447959184,0.0,0.042
8.852,595.6185447959184,0.0,0.044
8.853,595.6185447959184,0.0,0.043
8.854,595.6185447959184,0.0,0.037
8.855,595.6185447959184,0.0,0.035
8.856,595.6185447959184,0.0,0.037
8.857,595.6185447959184,0.0,0.04
8.858,595.6185447959184,0.0,0.038
8.859,595.6185447959184,0.0,0.034
8.86,595.6185447959184,0.0,0.034
8.861,595.6185447959184,0.0,0.035
8.862,595.6185447959184,0.0,0.035
8.863,595.6185447959184,0.0,0.037
8.864,595.6185447959184,0.0,0.038
8.865,595.6185447959184,0.0,0.037
8.866,595.6185447959184,0.0,0.036
8.867,595.6185447959184,0.0,0.039
8.868,595.6185447959184,0.0,0.04
8.869,595.6185447959184,0.0,0.04
8.87,595.6185447959184,0.0,0.038
8.871,595.6185447959184,0.0,0.035
8.872,595.6185447959184,0.0,0.034
8.873,595.6185447959184,0.0,0.034
8.874,595.6185447959184,0.0,0.032
8.875,668.5534974489796,0.0,0.03
8.876,668.5534974489796,0.0,0.027
8.877,668.5534974489796,0.0,0.026
8.878,668.5534974489796,0.0,0.025
8.879,668.5534974489796,0.0,0.023
8.88,668.5534974489796,0.0,0.021
8.881,668.5534974489796,0.0,0.02
8.882,668.5534974489796,0.0,0.019
8.883,668.5534974489796,0.0,0.018
8.884,668.5534974489796,0.0,0.017
8.885,668.5534974489796,0.0,0.015
8.886,668.5534974489796,0.0,0.013
8.887,668.5534974489796,0.0,0.013
8.888,668.5534974489796,0.0,0.012
8.889,668.5534974489796,0.0,0.011
8.89,668.5534974489796,0.0,0.01
8.891,668.5534974489796,0.0,0.009
8.892,668.5534974489796,0.0,0.009
8.893,668.5534974489796,0.0,0.008
8.894,668.5534974489796,0.0,0.008
8.895,668.5534974489796,0.0,0.008
8.896,668.5534974489796,0.0,0.007
8.897,668.5534974489796,0.0,0.007
8.898,668.5534974489796,0.0,0.007
8.899,668.5534974489796,0.0,0.006
8.9,668.5534974489796,0.0,0.006
8.901,668.5534974489796,0.0,0.006
8.902,668.5534974489796,0.0,0.005
8.903,668.5534974489796,0.0,0.005
8.904,668.5534974489796,0.0,0.004
8.905,668.5534974489796,0.0,0.004
8.906,668.5534974489796,0.0,0.004
8.907,668.5534974489796,0.0,0.004
8.908,668.5534974489796,0.0,0.004
8.909,668.5534974489796,0.0,0.004
8.91,668.5534974489796,0.0,0.005
8.911,668.5534974489796,0.0,0.004
8.912,668.5534974489796,0.0,0.004
8.913,668.5534974489796,0.0,0.005
8.914,668.5534974489796,0.0,0.005
8.915,668.5534974489796,0.0,0.005
8.916,668.5534974489796,0.0,0.005
8.917,668.5534974489796,0.0,0.006
8.918,668.5534974489796,0.0,0.006
8.919,668.5534974489796,0.0,0.007
8.92,668.5534974489796,0.0,0.007
8.921,668.5534974489796,0.0,0.008
8.922,668.5534974489796,0.0,0.009
8.923,668.5534974489796,0.0,0.009
8.924,668.5534974489796,0.0,0.009
8.925,668.5534974489796,0.0,0.01
8.926,668.5534974489796,0.0,0.01
8.927,668.5534974489796,0.0,0.01
8.928,668.5534974489796,0.0,0.009
8.929,668.5534974489796,0.0,0.009
8.93,668.5534974489796,0.0,0.008
8.931,668.5534974489796,0.0,0.008
8.932,668.5534974489796,0.0,0.007
8.933,668.5534974489796,0.0,0.007
8.934,668.5534974489796,0.0,0.006
8.935,668.5534974489796,0.0,0.007
8.936,668.5534974489796,0.0,0.007
8.937,668.5534974489796,0.0,0.008
8.938,668.5534974489796,0.0,0.008
8.939,668.5534974489796,0.0,0.009
8.94,668.5534974489796,0.0,0.01
8.941,668.5534974489796,0.0,0.011
8.942,668.5534974489796,0.0,0.012
8.943,668.5534974489796,0.0,0.013
8.944,668.5534974489796,0.0,0.014
8.945,668.5534974489796,0.0,0.016
8.946,668.5534974489796,0.0,0.016
8.947,668.5534974489796,0.0,0.016
8.948,668.5534974489796,0.0,0.016
8.949,668.5534974489796,0.0,0.017
8.95,668.5534974489796,0.0,0.018
8.951,668.5534974489796,0.0,0.018
8.952,668.5534974489796,0.0,0.019
8.953,668.5534974489796,0.0,0.02
8.954,668.5534974489796,0.0,0.02
8.955,668.5534974489796,0.0,0.022
8.956,668.5534974489796,0.0,0.023
8.957,668.5534974489796,0.0,0.022
8.958,668.5534974489796,0.0,0.02
8.959,668.5534974489796,0.0,0.019
8.96,668.5534974489796,0.0,0.018
8.961,668.5534974489796,0.0,0.016
8.962,668.5534974489796,0.0,0.015
8.963,668.5534974489796,0.0,0.013
8.964,668.5534974489796,0.0,0.012
8.965,668.5534974489796,0.0,0.011
8.966,668.5534974489796,0.0,0.01
8.967,668.5534974489796,0.0,0.009
8.968,668.5534974489796,0.0,0.009
8.969,668.5534974489796,0.0,0.008
8.97,668.5534974489796,0.0,0.008
8.971,668.5534974489796,0.0,0.008
8.972,668.5534974489796,0.0,0.008
8.973,668.5534974489796,0.0,0.007
8.974,668.5534974489796,0.0,0.007
8.975,668.5534974489796,0.0,0.008
8.976,668.5534974489796,0.0,0.008
8.977,668.5534974489796,0.0,0.008
8.978,668.5534974489796,0.0,0.008
8.979,668.5534974489796,0.0,0.009
8.98,668.5534974489796,0.0,0.009
8.981,668.5534974489796,0.0,0.009
8.982,668.5534974489796,0.0,0.009
8.983,668.5534974489796,0.0,0.009
8.984,668.5534974489796,0.0,0.009
8.985,668.5534974489796,0.0,0.01
8.986,668.5534974489796,0.0,0.009
8.987,668.5534974489796,0.0,0.009
8.988,668.5534974489796,0.0,0.01
8.989,668.5534974489796,0.0,0.01
8.99,668.5534974489796,0.0,0.01
8.991,668.5534974489796,0.0,0.011
8.992,668.5534974489796,0.0,0.012
8.993,668.5534974489796,0.0,0.013
8.994,668.5534974489796,0.0,0.014
8.995,668.5534974489796,0.0,0.016
8.996,668.5534974489796,0.0,0.016
8.997,668.5534974489796,0.0,0.016
8.998,668.5534974489796,0.0,0.019
8.999,668.5534974489796,0.0,0.022
9.0,668.5534974489796,0.0,0.025
9.001,668.5534974489796,0.0,0.028
9.002,668.5534974489796,0.0,0.031
9.003,668.5534974489796,0.0,0.037
9.004,668.5534974489796,0.0,0.043
9.005,668.5534974489796,0.0,0.046
9.006,668.5534974489796,0.0,0.049
9.007,668.5534974489796,0.0,0.052
9.008,668.5534974489796,0.0,0.057
9.009,668.5534974489796,0.0,0.06
9.01,668.5534974489796,0.0,0.063
9.011,668.5534974489796,0.0,0.066
9.012,668.5534974489796,0.0,0.069
9.013,668.5534974489796,0.0,0.069
9.014,668.5534974489796,0.0,0.068
9.015,668.5534974489796,0.0,0.074
9.016,668.5534974489796,0.0,0.081
9.017,668.5534974489796,0.0,0.084
9.018,668.5534974489796,0.0,0.088
9.019,530.6342321428571,0.0,0.092
9.02,530.6342321428571,0.0,0.096
9.021,530.6342321428571,0.0,0.094
9.022,530.6342321428571,0.0,0.092
9.023,530.6342321428571,0.0,0.089
9.024,530.6342321428571,0.0,0.087
9.025,530.6342321428571,0.0,0.084
9.026,530.6342321428571,0.0,0.078
9.027,530.6342321428571,0.0,0.074
9.028,530.6342321428571,0.0,0.072
9.029,530.6342321428571,0.0,0.068
9.03,530.6342321428571,0.0,0.057
9.031,530.6342321428571,0.0,0.051
9.032,530.6342321428571,0.0,0.049
9.033,530.6342321428571,0.0,0.045
9.034,530.6342321428571,0.0,0.042
9.035,530.6342321428571,0.0,0.04
9.036,530.6342321428571,0.0,0.038
9.037,530.6342321428571,0.0,0.034
9.038,530.6342321428571,0.0,0.029
9.039,530.6342321428571,0.0,0.027
9.04,530.6342321428571,0.0,0.025
9.041,530.6342321428571,0.0,0.022
9.042,530.6342321428571,0.0,0.02
9.043,530.6342321428571,0.0,0.018
9.044,530.6342321428571,0.0,0.017
9.045,530.6342321428571,0.0,0.016
9.046,530.6342321428571,0.0,0.015
9.047,530.6342321428571,0.0,0.013
9.048,530.6342321428571,0.0,0.012
9.049,530.6342321428571,0.0,0.012
9.05,530.6342321428571,0.0,0.012
9.051,530.6342321428571,0.0,0.012
9.052,530.6342321428571,0.0,0.012
9.053,530.6342321428571,0.0,0.013
9.054,530.6342321428571,0.0,0.013
9.055,530.6342321428571,0.0,0.012
9.056,530.6342321428571,0.0,0.012
9.057,530.6342321428571,0.0,0.011
9.058,530.6342321428571,0.0,0.011
9.059,530.6342321428571,0.0,0.01
9.06,530.6342321428571,0.0,0.01
9.061,530.6342321428571,0.0,0.01
9.062,530.6342321428571,0.0,0.01
9.063,530.6342321428571,0.0,0.009
9.064,530.6342321428571,0.0,0.009
9.065,530.6342321428571,0.0,0.008
9.066,530.6342321428571,0.0,0.008
9.067,530.6342321428571,0.0,0.008
9.068,530.6342321428571,0.0,0.008
9.069,530.6342321428571,0.0,0.007
9.07,530.6342321428571,0.0,0.007
9.071,530.6342321428571,0.0,0.007
9.072,530.6342321428571,0.0,0.007
9.073,530.6342321428571,0.0,0.006
9.074,530.6342321428571,0.0,0.005
9.075,530.6342321428571,0.0,0.005
9.076,530.6342321428571,0.0,0.005
9.077,530.6342321428571,0.0,0.005
9.078,530.6342321428571,0.0,0.005
9.079,530.6342321428571,0.0,0.005
9.08,530.6342321428571,0.0,0.005
9.081,530.6342321428571,0.0,0.005
9.082,530.6342321428571,0.0,0.005
9.083,530.6342321428571,0.0,0.004
9.084,530.6342321428571,0.0,0.005
9.085,530.6342321428571,0.0,0.005
9.086,530.6342321428571,0.0,0.005
9.087,530.6342321428571,0.0,0.005
9.088,530.6342321428571,0.0,0.005
9.089,530.6342321428571,0.0,0.005
9.09,530.6342321428571,0.0,0.005
9.091,530.6342321428571,0.0,0.005
9.092,530.6342321428571,0.0,0.005
9.093,530.6342321428571,0.0,0.005
9.094,530.6342321428571,0.0,0.005
9.095,530.6342321428571,0.0,0.005
9.096,530.6342321428571,0.0,0.005
9.097,530.6342321428571,0.0,0.005
9.098,530.6342321428571,0.0,0.005
9.099,530.6342321428571,0.0,0.005
9.1,530.6342321428571,0.0,0.005
9.101,530.6342321428571,0.0,0.006
9.102,530.6342321428571,0.0,0.006
9.103,530.6342321428571,0.0,0.006
9.104,530.6342321428571,0.0,0.006
9.105,530.6342321428571,0.0,0.006
9.106,530.6342321428571,0.0,0.006
9.107,530.6342321428571,0.0,0.006
9.108,530.6342321428571,0.0,0.006
9.109,530.6342321428571,0.0,0.006
9.11,530.6342321428571,0.0,0.006
9.111,530.6342321428571,0.0,0.006
9.112,530.6342321428571,0.0,0.006
9.113,530.6342321428571,0.0,0.006
9.114,530.6342321428571,0.0,0.006
9.115,530.6342321428571,0.0,0.006
9.116,530.6342321428571,0.0,0.006
9.117,530.6342321428571,0.0,0.006
9.118,530.6342321428571,0.0,0.007
9.119,530.6342321428571,0.0,0.007
9.12,530.6342321428571,0.0,0.007
9.121,530.6342321428571,0.0,0.007
9.122,530.6342321428571,0.0,0.007
9.123,530.6342321428571,0.0,0.008
9.124,530.6342321428571,0.0,0.008
9.125,530.6342321428571,0.0,0.008
9.126,530.6342321428571,0.0,0.008
9.127,530.6342321428571,0.0,0.008
9.128,530.6342321428571,0.0,0.008
9.129,530.6342321428571,0.0,0.008
9.13,530.6342321428571,0.0,0.009
9.131,530.6342321428571,0.0,0.009
9.132,530.6342321428571,0.0,0.009
9.133,530.6342321428571,0.0,0.009
9.134,530.6342321428571,0.0,0.009
9.135,530.6342321428571,0.0,0.009
9.136,530.6342321428571,0.0,0.009
9.137,530.6342321428571,0.0,0.009
9.138,530.6342321428571,0.0,0.009
9.139,530.6342321428571,0.0,0.009
9.14,530.6342321428571,0.0,0.009
9.141,530.6342321428571,0.0,0.009
9.142,530.6342321428571,0.0,0.009
9.143,530.6342321428571,0.0,0.008
9.144,530.6342321428571,0.0,0.008
9.145,530.6342321428571,0.0,0.009
9.146,530.6342321428571,0.0,0.009
9.147,530.6342321428571,0.0,0.009
9.148,530.6342321428571,0.0,0.009
9.149,530.6342321428571,0.0,0.009
9.15,530.6342321428571,0.0,0.008
9.151,530.6342321428571,0.0,0.008
9.152,530.6342321428571,0.0,0.008
9.153,530.6342321428571,0.0,0.008
9.154,530.6342321428571,0.0,0.008
9.155,530.6342321428571,0.0,0.008
9.156,530.6342321428571,0.0,0.008
9.157,530.6342321428571,0.0,0.008
9.158,530.6342321428571,0.0,0.008
9.159,530.6342321428571,0.0,0.008
9.16,530.6342321428571,0.0,0.007
9.161,530.6342321428571,0.0,0.007
9.162,530.6342321428571,0.0,0.007
9.163,530.6342321428571,0.0,0.007
9.164,530.6342321428571,0.0,0.007
9.165,530.6342321428571,0.0,0.008
9.166,530.6342321428571,0.0,0.008
9.167,530.6342321428571,0.0,0.009
9.168,530.6342321428571,0.0,0.009
9.169,530.6342321428571,0.0,0.009
9.17,530.6342321428571,0.0,0.01
9.171,530.6342321428571,0.0,0.011
9.172,530.6342321428571,0.0,0.011
9.173,530.6342321428571,0.0,0.011
9.174,530.6342321428571,0.0,0.012
9.175,530.6342321428571,0.0,0.015
9.176,530.6342321428571,0.0,0.017
9.177,530.6342321428571,0.0,0.017
9.178,530.6342321428571,0.0,0.019
9.179,530.6342321428571,0.0,0.022
9.18,530.6342321428571,0.0,0.026
9.181,530.6342321428571,0.0,0.027
9.182,530.6342321428571,0.0,0.029
9.183,530.6342321428571,0.0,0.032
9.184,530.6342321428571,0.0,0.037
9.185,530.6342321428571,0.0,0.045
9.186,530.6342321428571,0.0,0.051
9.187,530.6342321428571,0.0,0.054
9.188,530.6342321428571,0.0,0.058
9.189,530.6342321428571,0.0,0.066
9.19,530.6342321428571,0.0,0.069
9.191,530.6342321428571,0.0,0.074
9.192,530.6342321428571,0.0,0.079
9.193,530.6342321428571,0.0,0.082
9.194,530.6342321428571,0.0,0.086
9.195,530.6342321428571,0.0,0.091
9.196,892.418775510204,0.0,0.099
9.197,892.418775510204,0.0,0.1
9.198,892.418775510204,0.0,0.102
9.199,892.418775510204,0.0,0.104
9.2,892.418775510204,0.0,0.109
9.201,892.418775510204,0.0,0.115
9.202,892.418775510204,0.0,0.108
9.203,892.418775510204,0.0,0.095
9.204,892.418775510204,0.0,0.104
9.205,892.418775510204,0.0,0.104
9.206,892.418775510204,0.0,0.092
9.207,892.418775510204,0.0,0.094
9.208,892.418775510204,0.0,0.097
9.209,892.418775510204,0.0,0.101
9.21,892.418775510204,0.0,0.11
9.211,892.418775510204,0.0,0.131
9.212,892.418775510204,0.0,0.136
9.213,892.418775510204,0.0,0.128
9.214,892.418775510204,0.0,0.132
9.215,892.418775510204,0.0,0.16
9.216,892.418775510204,0.0,0.173
9.217,892.418775510204,0.0,0.145
9.218,892.418775510204,0.0,0.151
9.219,892.418775510204,0.0,0.143
9.22,892.418775510204,0.0,0.151
9.221,892.418775510204,0.0,0.134
9.222,892.418775510204,0.0,0.14
9.223,892.418775510204,0.0,0.131
9.224,892.418775510204,0.0,0.134
9.225,892.418775510204,0.0,0.145
9.226,892.418775510204,0.0,0.147
9.227,892.418775510204,0.0,0.158
9.228,892.418775510204,0.0,0.129
9.229,892.418775510204,0.0,0.141
9.23,892.418775510204,0.0,0.147
9.231,892.418775510204,0.0,0.161
9.232,892.418775510204,0.0,0.145
9.233,892.418775510204,0.0,0.132
9.234,892.418775510204,0.0,0.143
9.235,892.418775510204,0.0,0.143
9.236,892.418775510204,0.0,0.145
9.237,892.418775510204,0.0,0.112
9.238,892.418775510204,0.0,0.121
9.239,892.418775510204,0.0,0.118
9.24,892.418775510204,0.0,0.13
9.241,892.418775510204,0.0,0.113
9.242,892.418775510204,0.0,0.115
9.243,892.418775510204,0.0,0.109
9.244,892.418775510204,0.0,0.104
9.245,892.418775510204,0.0,0.097
9.246,892.418775510204,0.0,0.094
9.247,892.418775510204,0.0,0.096
9.248,892.418775510204,0.0,0.075
9.249,892.418775510204,0.0,0.075
9.25,892.418775510204,0.0,0.076
9.251,892.418775510204,0.0,0.075
9.252,892.418775510204,0.0,0.062
9.253,892.418775510204,0.0,0.047
9.254,892.418775510204,0.0,0.048
9.255,892.418775510204,0.0,0.046
9.256,892.418775510204,0.0,0.041
9.257,892.418775510204,0.0,0.032
9.258,892.418775510204,0.0,0.029
9.259,892.418775510204,0.0,0.028
9.26,892.418775510204,0.0,0.025
9.261,892.418775510204,0.0,0.02
9.262,892.418775510204,0.0,0.016
9.263,892.418775510204,0.0,0.015
9.264,892.418775510204,0.0,0.014
9.265,892.418775510204,0.0,0.012
9.266,892.418775510204,0.0,0.013
9.267,892.418775510204,0.0,0.014
9.268,892.418775510204,0.0,0.014
9.269,892.418775510204,0.0,0.012
9.27,892.418775510204,0.0,0.012
9.271,892.418775510204,0.0,0.013
9.272,892.418775510204,0.0,0.013
9.273,892.418775510204,0.0,0.012
9.274,892.418775510204,0.0,0.011
9.275,892.418775510204,0.0,0.012
9.276,892.418775510204,0.0,0.011
9.277,892.418775510204,0.0,0.01
9.278,892.418775510204,0.0,0.01
9.279,892.418775510204,0.0,0.009
9.28,892.418775510204,0.0,0.009
9.281,892.418775510204,0.0,0.008
9.282,892.418775510204,0.0,0.008
9.283,892.418775510204,0.0,0.007
9.284,892.418775510204,0.0,0.007
9.285,892.418775510204,0.0,0.006
9.286,892.418775510204,0.0,0.006
9.287,892.418775510204,0.0,0.005
9.288,892.418775510204,0.0,0.005
9.289,892.418775510204,0.0,0.004
9.29,892.418775510204,0.0,0.004
9.291,892.418775510204,0.0,0.004
9.292,892.418775510204,0.0,0.004
9.293,892.418775510204,0.0,0.003
9.294,892.418775510204,0.0,0.003
9.295,892.418775510204,0.0,0.003
9.296,892.418775510204,0.0,0.003
9.297,892.418775510204,0.0,0.003
9.298,892.418775510204,0.0,0.003
9.299,892.418775510204,0.0,0.003
9.3,892.418775510204,0.0,0.003
9.301,892.418775510204,0.0,0.003
9.302,892.418775510204,0.0,0.003
9.303,892.418775510204,0.0,0.002
9.304,892.418775510204,0.0,0.002
9.305,892.418775510204,0.0,0.002
9.306,892.418775510204,0.0,0.002
9.307,892.418775510204,0.0,0.002
9.308,892.418775510204,0.0,0.002
9.309,892.418775510204,0.0,0.002
9.31,892.418775510204,0.0,0.002
9.311,892.418775510204,0.0,0.002
9.312,892.418775510204,0.0,0.003
9.313,892.418775510204,0.0,0.003
9.314,892.418775510204,0.0,0.003
9.315,892.418775510204,0.0,0.003
9.316,892.418775510204,0.0,0.003
9.317,892.418775510204,0.0,0.003
9.318,892.418775510204,0.0,0.003
9.319,892.418775510204,0.0,0.004
9.32,892.418775510204,0.0,0.004
9.321,892.418775510204,0.0,0.004
9.322,892.418775510204,0.0,0.004
9.323,892.418775510204,0.0,0.004
9.324,892.418775510204,0.0,0.004
9.325,892.418775510204,0.0,0.004
9.326,892.418775510204,0.0,0.004
9.327,892.418775510204,0.0,0.005
9.328,892.418775510204,0.0,0.005
9.329,892.418775510204,0.0,0.005
9.33,892.418775510204,0.0,0.005
9.331,892.418775510204,0.0,0.005
9.332,892.418775510204,0.0,0.005
9.333,892.418775510204,0.0,0.005
9.334,892.418775510204,0.0,0.005
9.335,892.418775510204,0.0,0.005
9.336,892.418775510204,0.0,0.005
9.337,892.418775510204,0.0,0.005
9.338,892.418775510204,0.0,0.005
9.339,892.418775510204,0.0,0.005
9.34,892.418775510204,0.0,0.005
9.341,892.418775510204,0.0,0.005
9.342,892.418775510204,0.0,0.005
9.343,892.418775510204,0.0,0.005
9.344,892.418775510204,0.0,0.005
9.345,892.418775510204,0.0,0.005
9.346,892.418775510204,0.0,0.005
9.347,892.418775510204,0.0,0.005
9.348,892.418775510204,0.0,0.005
9.349,892.418775510204,0.0,0.005
9.35,892.418775510204,0.0,0.005
9.351,892.418775510204,0.0,0.005
9.352,892.418775510204,0.0,0.005
9.353,892.418775510204,0.0,0.005
9.354,892.418775510204,0.0,0.005
9.355,892.418775510204,0.0,0.005
9.356,892.418775510204,0.0,0.004
9.357,892.418775510204,0.0,0.004
9.358,892.418775510204,0.0,0.004
9.359,892.418775510204,0.0,0.004
9.36,892.418775510204,0.0,0.004
9.361,892.418775510204,0.0,0.003
9.362,892.418775510204,0.0,0.003
9.363,892.418775510204,0.0,0.002
9.364,631.0313443877551,0.0,0.002
9.365,631.0313443877551,0.0,0.002
9.366,631.0313443877551,0.0,0.002
9.367,631.0313443877551,0.0,0.002
9.368,631.0313443877551,0.0,0.002
9.369,631.0313443877551,0.0,0.002
9.37,631.0313443877551,0.0,0.002
9.371,631.0313443877551,0.0,0.002
9.372,631.0313443877551,0.0,0.002
9.373,631.0313443877551,0.0,0.002
9.374,631.0313443877551,0.0,0.002
9.375,631.0313443877551,0.0,0.002
9.376,631.0313443877551,0.0,0.002
9.377,631.0313443877551,0.0,0.002
9.378,631.0313443877551,0.0,0.002
9.379,631.0313443877551,0.0,0.002
9.38,631.0313443877551,0.0,0.002
9.381,631.0313443877551,0.0,0.002
9.382,631.0313443877551,0.0,0.002
9.383,631.0313443877551,0.0,0.002
9.384,631.0313443877551,0.0,0.002
9.385,631.0313443877551,0.0,0.002
9.386,631.0313443877551,0.0,0.002
9.387,631.0313443877551,0.0,0.002
9.388,631.0313443877551,0.0,0.003
9.389,631.0313443877551,0.0,0.003
9.39,631.0313443877551,0.0,0.003
9.391,631.0313443877551,0.0,0.003
9.392,631.0313443877551,0.0,0.003
9.393,631.0313443877551,0.0,0.004
9.394,631.0313443877551,0.0,0.004
9.395,631.0313443877551,0.0,0.004
9.396,631.0313443877551,0.0,0.004
9.397,631.0313443877551,0.0,0.004
9.398,631.0313443877551,0.0,0.004
9.399,631.0313443877551,0.0,0.004
9.4,631.0313443877551,0.0,0.005
9.401,631.0313443877551,0.0,0.005
9.402,631.0313443877551,0.0,0.004
9.403,631.0313443877551,0.0,0.004
9.404,631.0313443877551,0.0,0.005
9.405,631.0313443877551,0.0,0.004
9.406,631.0313443877551,0.0,0.004
9.407,631.0313443877551,0.0,0.004
9.408,631.0313443877551,0.0,0.004
9.409,631.0313443877551,0.0,0.004
9.41,631.0313443877551,0.0,0.003
9.411,631.0313443877551,0.0,0.003
9.412,631.0313443877551,0.0,0.003
9.413,631.0313443877551,0.0,0.003
9.414,631.0313443877551,0.0,0.003
9.415,631.0313443877551,0.0,0.003
9.416,631.0313443877551,0.0,0.003
9.417,631.0313443877551,0.0,0.003
9.418,631.0313443877551,0.0,0.002
9.419,631.0313443877551,0.0,0.002
9.42,631.0313443877551,0.0,0.002
9.421,631.0313443877551,0.0,0.002
9.422,631.0313443877551,0.0,0.002
9.423,631.0313443877551,0.0,0.003
9.424,631.0313443877551,0.0,0.003
9.425,631.0313443877551,0.0,0.003
9.426,631.0313443877551,0.0,0.003
9.427,631.0313443877551,0.0,0.003
9.428,631.0313443877551,0.0,0.003
9.429,631.0313443877551,0.0,0.004
9.43,631.0313443877551,0.0,0.004
9.431,631.0313443877551,0.0,0.004
9.432,631.0313443877551,0.0,0.004
9.433,631.0313443877551,0.0,0.004
9.434,631.0313443877551,0.0,0.005
9.435,631.0313443877551,0.0,0.004
9.436,631.0313443877551,0.0,0.004
9.437,631.0313443877551,0.0,0.004
9.438,631.0313443877551,0.0,0.004
9.439,631.0313443877551,0.0,0.004
9.44,631.0313443877551,0.0,0.003
9.441,631.0313443877551,0.0,0.003
9.442,631.0313443877551,0.0,0.003
9.443,631.0313443877551,0.0,0.003
9.444,631.0313443877551,0.0,0.002
9.445,631.0313443877551,0.0,0.002
9.446,631.0313443877551,0.0,0.003
9.447,631.0313443877551,0.0,0.002
9.448,631.0313443877551,0.0,0.002
9.449,631.0313443877551,0.0,0.003
9.45,631.0313443877551,0.0,0.003
9.451,631.0313443877551,0.0,0.003
9.452,631.0313443877551,0.0,0.003
9.453,631.0313443877551,0.0,0.003
9.454,631.0313443877551,0.0,0.004
9.455,631.0313443877551,0.0,0.004
9.456,631.0313443877551,0.0,0.005
9.457,631.0313443877551,0.0,0.005
9.458,631.0313443877551,0.0,0.006
9.459,631.0313443877551,0.0,0.007
9.46,631.0313443877551,0.0,0.008
9.461,631.0313443877551,0.0,0.009
9.462,631.0313443877551,0.0,0.011
9.463,631.0313443877551,0.0,0.011
9.464,631.0313443877551,0.0,0.01
9.465,631.0313443877551,0.0,0.012
9.466,631.0313443877551,0.0,0.012
9.467,631.0313443877551,0.0,0.01
9.468,631.0313443877551,0.0,0.009
9.469,631.0313443877551,0.0,0.009
9.47,631.0313443877551,0.0,0.009
9.471,631.0313443877551,0.0,0.006
9.472,631.0313443877551,0.0,0.006
9.473,631.0313443877551,0.0,0.005
9.474,631.0313443877551,0.0,0.004
9.475,631.0313443877551,0.0,0.004
9.476,631.0313443877551,0.0,0.004
9.477,631.0313443877551,0.0,0.004
9.478,631.0313443877551,0.0,0.004
9.479,631.0313443877551,0.0,0.004
9.48,631.0313443877551,0.0,0.004
9.481,631.0313443877551,0.0,0.004
9.482,631.0313443877551,0.0,0.004
9.483,631.0313443877551,0.0,0.004
9.484,631.0313443877551,0.0,0.004
9.485,631.0313443877551,0.0,0.004
9.486,631.0313443877551,0.0,0.004
9.487,631.0313443877551,0.0,0.004
9.488,631.0313443877551,0.0,0.005
9.489,631.0313443877551,0.0,0.006
9.49,631.0313443877551,0.0,0.007
9.491,631.0313443877551,0.0,0.008
9.492,631.0313443877551,0.0,0.009
9.493,631.0313443877551,0.0,0.009
9.494,631.0313443877551,0.0,0.011
9.495,631.0313443877551,0.0,0.013
9.496,668.5534974489796,0.0,0.012
9.497,668.5534974489796,0.0,0.012
9.498,668.5534974489796,0.0,0.015
9.499,668.5534974489796,0.0,0.015
9.5,668.5534974489796,0.0,0.013
9.501,668.5534974489796,0.0,0.013
9.502,668.5534974489796,0.0,0.014
9.503,668.5534974489796,0.0,0.013
9.504,668.5534974489796,0.0,0.014
9.505,668.5534974489796,0.0,0.017
9.506,668.5534974489796,0.0,0.018
9.507,668.5534974489796,0.0,0.018
9.508,668.5534974489796,0.0,0.02
9.509,668.5534974489796,0.0,0.022
9.51,668.5534974489796,0.0,0.022
9.511,668.5534974489796,0.0,0.022
9.512,668.5534974489796,0.0,0.025
9.513,668.5534974489796,0.0,0.026
9.514,668.5534974489796,0.0,0.026
9.515,668.5534974489796,0.0,0.026
9.516,668.5534974489796,0.0,0.026
9.517,668.5534974489796,0.0,0.026
9.518,668.5534974489796,0.0,0.025
9.519,668.5534974489796,0.0,0.024
9.52,668.5534974489796,0.0,0.024
9.521,668.5534974489796,0.0,0.023
9.522,668.5534974489796,0.0,0.02
9.523,668.5534974489796,0.0,0.017
9.524,668.5534974489796,0.0,0.018
9.525,668.5534974489796,0.0,0.018
9.526,668.5534974489796,0.0,0.017
9.527,668.5534974489796,0.0,0.016
9.528,668.5534974489796,0.0,0.016
9.529,668.5534974489796,0.0,0.018
9.53,668.5534974489796,0.0,0.019
9.531,668.5534974489796,0.0,0.018
9.532,668.5534974489796,0.0,0.02
9.533,668.5534974489796,0.0,0.024
9.534,668.5534974489796,0.0,0.023
9.535,668.5534974489796,0.0,0.021
9.536,668.5534974489796,0.0,0.021
9.537,668.5534974489796,0.0,0.025
9.538,668.5534974489796,0.0,0.024
9.539,668.5534974489796,0.0,0.022
9.54,668.5534974489796,0.0,0.025
9.541,668.5534974489796,0.0,0.031
9.542,668.5534974489796,0.0,0.036
9.543,668.5534974489796,0.0,0.042
9.544,668.5534974489796,0.0,0.047
9.545,668.5534974489796,0.0,0.051
9.546,668.5534974489796,0.0,0.052
9.547,668.5534974489796,0.0,0.05
9.548,668.5534974489796,0.0,0.048
9.549,668.5534974489796,0.0,0.05
9.55,668.5534974489796,0.0,0.053
9.551,668.5534974489796,0.0,0.049
9.552,668.5534974489796,0.0,0.049
9.553,668.5534974489796,0.0,0.045
9.554,668.5534974489796,0.0,0.056
9.555,668.5534974489796,0.0,0.056
9.556,668.5534974489796,0.0,0.058
9.557,668.5534974489796,0.0,0.07
9.558,668.5534974489796,0.0,0.072
9.559,668.5534974489796,0.0,0.071
9.56,668.5534974489796,0.0,0.07
9.561,668.5534974489796,0.0,0.073
9.562,668.5534974489796,0.0,0.068
9.563,668.5534974489796,0.0,0.066
9.564,668.5534974489796,0.0,0.059
9.565,668.5534974489796,0.0,0.049
9.566,668.5534974489796,0.0,0.048
9.567,668.5534974489796,0.0,0.05
9.568,668.5534974489796,0.0,0.041
9.569,668.5534974489796,0.0,0.034
9.57,668.5534974489796,0.0,0.035
9.571,668.5534974489796,0.0,0.038
9.572,668.5534974489796,0.0,0.035
9.573,668.5534974489796,0.0,0.03
9.574,668.5534974489796,0.0,0.03
9.575,668.5534974489796,0.0,0.033
9.576,668.5534974489796,0.0,0.036
9.577,668.5534974489796,0.0,0.037
9.578,668.5534974489796,0.0,0.038
9.579,668.5534974489796,0.0,0.042
9.58,668.5534974489796,0.0,0.052
9.581,668.5534974489796,0.0,0.052
9.582,668.5534974489796,0.0,0.051
9.583,668.5534974489796,0.0,0.054
9.584,668.5534974489796,0.0,0.062
9.585,668.5534974489796,0.0,0.065
9.586,668.5534974489796,0.0,0.06
9.587,668.5534974489796,0.0,0.061
9.588,668.5534974489796,0.0,0.065
9.589,668.5534974489796,0.0,0.055
9.59,668.5534974489796,0.0,0.047
9.591,668.5534974489796,0.0,0.045
9.592,668.5534974489796,0.0,0.05
9.593,668.5534974489796,0.0,0.049
9.594,668.5534974489796,0.0,0.055
9.595,668.5534974489796,0.0,0.057
9.596,668.5534974489796,0.0,0.06
9.597,668.5534974489796,0.0,0.062
9.598,668.5534974489796,0.0,0.058
9.599,668.5534974489796,0.0,0.057
9.6,668.5534974489796,0.0,0.057
9.601,668.5534974489796,0.0,0.055
9.602,668.5534974489796,0.0,0.048
9.603,668.5534974489796,0.0,0.044
9.604,668.5534974489796,0.0,0.047
9.605,668.5534974489796,0.0,0.05
9.606,668.5534974489796,0.0,0.05
9.607,668.5534974489796,0.0,0.046
9.608,668.5534974489796,0.0,0.044
9.609,668.5534974489796,0.0,0.044
9.61,668.5534974489796,0.0,0.043
9.611,668.5534974489796,0.0,0.042
9.612,668.5534974489796,0.0,0.037
9.613,668.5534974489796,0.0,0.036
9.614,668.5534974489796,0.0,0.037
9.615,668.5534974489796,0.0,0.039
9.616,668.5534974489796,0.0,0.037
9.617,668.5534974489796,0.0,0.035
9.618,668.5534974489796,0.0,0.037
9.619,668.5534974489796,0.0,0.037
9.62,668.5534974489796,0.0,0.035
9.621,668.5534974489796,0.0,0.034
9.622,668.5534974489796,0.0,0.037
9.623,668.5534974489796,0.0,0.037
9.624,668.5534974489796,0.0,0.042
9.625,668.5534974489796,0.0,0.047
9.626,668.5534974489796,0.0,0.047
9.627,668.5534974489796,0.0,0.047
9.628,668.5534974489796,0.0,0.05
9.629,668.5534974489796,0.0,0.055
9.63,668.5534974489796,0.0,0.058
9.631,668.5534974489796,0.0,0.061
9.632,668.5534974489796,0.0,0.065
9.633,668.5534974489796,0.0,0.064
9.634,668.5534974489796,0.0,0.059
9.635,668.5534974489796,0.0,0.06
9.636,668.5534974489796,0.0,0.065
9.637,668.5534974489796,0.0,0.059
9.638,668.5534974489796,0.0,0.055
9.639,668.5534974489796,0.0,0.059
9.64,421.16081530612246,0.0,0.065
9.641,421.16081530612246,0.0,0.06
9.642,421.16081530612246,0.0,0.052
9.643,421.16081530612246,0.0,0.047
9.644,421.16081530612246,0.0,0.044
9.645,421.16081530612246,0.0,0.041
9.646,421.16081530612246,0.0,0.034
9.647,421.16081530612246,0.0,0.029
9.648,421.16081530612246,0.0,0.03
9.649,421.16081530612246,0.0,0.034
9.65,421.16081530612246,0.0,0.031
9.651,421.16081530612246,0.0,0.027
9.652,421.16081530612246,0.0,0.025
9.653,421.16081530612246,0.0,0.026
9.654,421.16081530612246,0.0,0.026
9.655,421.16081530612246,0.0,0.021
9.656,421.16081530612246,0.0,0.02
9.657,421.16081530612246,0.0,0.022
9.658,421.16081530612246,0.0,0.025
9.659,421.16081530612246,0.0,0.025
9.66,421.16081530612246,0.0,0.024
9.661,421.16081530612246,0.0,0.025
9.662,421.16081530612246,0.0,0.027
9.663,421.16081530612246,0.0,0.024
9.664,421.16081530612246,0.0,0.02
9.665,421.16081530612246,0.0,0.019
9.666,421.16081530612246,0.0,0.019
9.667,421.16081530612246,0.0,0.018
9.668,421.16081530612246,0.0,0.017
9.669,421.16081530612246,0.0,0.018
9.67,421.16081530612246,0.0,0.019
9.671,421.16081530612246,0.0,0.019
9.672,421.16081530612246,0.0,0.017
9.673,421.16081530612246,0.0,0.017
9.674,421.16081530612246,0.0,0.02
9.675,421.16081530612246,0.0,0.022
9.676,421.16081530612246,0.0,0.024
9.677,421.16081530612246,0.0,0.028
9.678,421.16081530612246,0.0,0.034
9.679,421.16081530612246,0.0,0.036
9.68,421.16081530612246,0.0,0.04
9.681,421.16081530612246,0.0,0.045
9.682,421.16081530612246,0.0,0.047
9.683,421.16081530612246,0.0,0.046
9.684,421.16081530612246,0.0,0.05
9.685,421.16081530612246,0.0,0.059
9.686,421.16081530612246,0.0,0.063
9.687,421.16081530612246,0.0,0.065
9.688,421.16081530612246,0.0,0.067
9.689,421.16081530612246,0.0,0.067
9.69,421.16081530612246,0.0,0.066
9.691,421.16081530612246,0.0,0.061
9.692,421.16081530612246,0.0,0.053
9.693,421.16081530612246,0.0,0.049
9.694,421.16081530612246,0.0,0.047
9.695,421.16081530612246,0.0,0.046
9.696,421.16081530612246,0.0,0.043
9.697,421.16081530612246,0.0,0.041
9.698,421.16081530612246,0.0,0.041
9.699,421.16081530612246,0.0,0.04
9.7,421.16081530612246,0.0,0.04
9.701,421.16081530612246,0.0,0.04
9.702,421.16081530612246,0.0,0.04
9.703,421.16081530612246,0.0,0.038
9.704,421.16081530612246,0.0,0.035
9.705,421.16081530612246,0.0,0.038
9.706,421.16081530612246,0.0,0.039
9.707,421.16081530612246,0.0,0.039
9.708,421.16081530612246,0.0,0.038
9.709,421.16081530612246,0.0,0.036
9.71,421.16081530612246,0.0,0.033
9.711,421.16081530612246,0.0,0.03
9.712,421.16081530612246,0.0,0.028
9.713,421.16081530612246,0.0,0.028
9.714,421.16081530612246,0.0,0.027
9.715,421.16081530612246,0.0,0.024
9.716,421.16081530612246,0.0,0.021
9.717,421.16081530612246,0.0,0.021
9.718,421.16081530612246,0.0,0.021
9.719,421.16081530612246,0.0,0.022
9.72,421.16081530612246,0.0,0.019
9.721,421.16081530612246,0.0,0.018
9.722,421.16081530612246,0.0,0.02
9.723,421.16081530612246,0.0,0.022
9.724,421.16081530612246,0.0,0.022
9.725,421.16081530612246,0.0,0.023
9.726,421.16081530612246,0.0,0.029
9.727,421.16081530612246,0.0,0.033
9.728,421.16081530612246,0.0,0.036
9.729,421.16081530612246,0.0,0.042
9.73,421.16081530612246,0.0,0.054
9.731,421.16081530612246,0.0,0.062
9.732,421.16081530612246,0.0,0.064
9.733,421.16081530612246,0.0,0.078
9.734,421.16081530612246,0.0,0.092
9.735,421.16081530612246,0.0,0.101
9.736,421.16081530612246,0.0,0.096
9.737,421.16081530612246,0.0,0.092
9.738,421.16081530612246,0.0,0.098
9.739,421.16081530612246,0.0,0.097
9.74,421.16081530612246,0.0,0.082
9.741,421.16081530612246,0.0,0.069
9.742,421.16081530612246,0.0,0.066
9.743,421.16081530612246,0.0,0.063
9.744,421.16081530612246,0.0,0.058
9.745,421.16081530612246,0.0,0.054
9.746,421.16081530612246,0.0,0.048
9.747,421.16081530612246,0.0,0.05
9.748,421.16081530612246,0.0,0.052
9.749,421.16081530612246,0.0,0.048
9.75,421.16081530612246,0.0,0.043
9.751,421.16081530612246,0.0,0.042
9.752,421.16081530612246,0.0,0.046
9.753,421.16081530612246,0.0,0.046
9.754,421.16081530612246,0.0,0.045
9.755,421.16081530612246,0.0,0.043
9.756,421.16081530612246,0.0,0.047
9.757,421.16081530612246,0.0,0.052
9.758,421.16081530612246,0.0,0.052
9.759,421.16081530612246,0.0,0.051
9.76,421.16081530612246,0.0,0.049
9.761,421.16081530612246,0.0,0.048
9.762,421.16081530612246,0.0,0.047
9.763,421.16081530612246,0.0,0.046
9.764,421.16081530612246,0.0,0.043
9.765,421.16081530612246,0.0,0.042
9.766,421.16081530612246,0.0,0.043
9.767,421.16081530612246,0.0,0.038
9.768,421.16081530612246,0.0,0.035
9.769,421.16081530612246,0.0,0.038
9.77,421.16081530612246,0.0,0.04
9.771,421.16081530612246,0.0,0.036
9.772,421.16081530612246,0.0,0.032
9.773,421.16081530612246,0.0,0.036
9.774,421.16081530612246,0.0,0.038
9.775,421.16081530612246,0.0,0.035
9.776,421.16081530612246,0.0,0.034
9.777,421.16081530612246,0.0,0.037
9.778,421.16081530612246,0.0,0.04
9.779,421.16081530612246,0.0,0.041
9.78,421.16081530612246,0.0,0.042
9.781,421.16081530612246,0.0,0.046
9.782,421.16081530612246,0.0,0.05
9.783,421.16081530612246,0.0,0.048
9.784,421.16081530612246,0.0,0.049
9.785,421.16081530612246,0.0,0.054
9.786,421.16081530612246,0.0,0.063
9.787,421.16081530612246,0.0,0.058
9.788,421.16081530612246,0.0,0.056
9.789,421.16081530612246,0.0,0.059
9.79,421.16081530612246,0.0,0.063
9.791,421.16081530612246,0.0,0.06
9.792,421.16081530612246,0.0,0.055
9.793,421.16081530612246,0.0,0.054
9.794,421.16081530612246,0.0,0.057
9.795,421.16081530612246,0.0,0.056
9.796,421.16081530612246,0.0,0.052
9.797,421.16081530612246,0.0,0.05
9.798,421.16081530612246,0.0,0.051
9.799,421.16081530612246,0.0,0.052
9.8,421.16081530612246,0.0,0.051
9.801,421.16081530612246,0.0,0.052
9.802,421.16081530612246,0.0,0.055
9.803,421.16081530612246,0.0,0.051
9.804,421.16081530612246,0.0,0.05
9.805,421.16081530612246,0.0,0.054
9.806,421.16081530612246,0.0,0.06
9.807,421.16081530612246,0.0,0.054
9.808,421.16081530612246,0.0,0.047
9.809,421.16081530612246,0.0,0.048
9.81,421.16081530612246,0.0,0.053
9.811,421.16081530612246,0.0,0.052
9.812,421.16081530612246,0.0,0.046
9.813,421.16081530612246,0.0,0.043
9.814,421.16081530612246,0.0,0.044
9.815,421.16081530612246,0.0,0.044
9.816,421.16081530612246,0.0,0.04
9.817,421.16081530612246,0.0,0.038
9.818,421.16081530612246,0.0,0.038
9.819,421.16081530612246,0.0,0.039
9.82,421.16081530612246,0.0,0.039
9.821,421.16081530612246,0.0,0.039
9.822,421.16081530612246,0.0,0.04
9.823,421.16081530612246,0.0,0.041
9.824,421.16081530612246,0.0,0.039
9.825,421.16081530612246,0.0,0.037
9.826,421.16081530612246,0.0,0.04
9.827,421.16081530612246,0.0,0.042
9.828,708.3168385714287,0.0,0.041
9.829,708.3168385714287,0.0,0.041
9.83,708.3168385714287,0.0,0.045
9.831,708.3168385714287,0.0,0.042
9.832,708.3168385714287,0.0,0.04
9.833,708.3168385714287,0.0,0.04
9.834,708.3168385714287,0.0,0.041
9.835,708.3168385714287,0.0,0.044
9.836,708.3168385714287,0.0,0.046
9.837,708.3168385714287,0.0,0.045
9.838,708.3168385714287,0.0,0.048
9.839,708.3168385714287,0.0,0.052
9.84,708.3168385714287,0.0,0.053
9.841,708.3168385714287,0.0,0.051
9.842,708.3168385714287,0.0,0.049
9.843,708.3168385714287,0.0,0.052
9.844,708.3168385714287,0.0,0.054
9.845,708.3168385714287,0.0,0.056
9.846,708.3168385714287,0.0,0.056
9.847,708.3168385714287,0.0,0.052
9.848,708.3168385714287,0.0,0.051
9.849,708.3168385714287,0.0,0.054
9.85,708.3168385714287,0.0,0.053
9.851,708.3168385714287,0.0,0.05
9.852,708.3168385714287,0.0,0.049
9.853,708.3168385714287,0.0,0.05
9.854,708.3168385714287,0.0,0.049
9.855,708.3168385714287,0.0,0.045
9.856,708.3168385714287,0.0,0.045
9.857,708.3168385714287,0.0,0.045
9.858,708.3168385714287,0.0,0.041
9.859,708.3168385714287,0.0,0.038
9.86,708.3168385714287,0.0,0.038
9.861,708.3168385714287,0.0,0.035
9.862,708.3168385714287,0.0,0.032
9.863,708.3168385714287,0.0,0.029
9.864,708.3168385714287,0.0,0.025
9.865,708.3168385714287,0.0,0.023
9.866,708.3168385714287,0.0,0.022
9.867,708.3168385714287,0.0,0.021
9.868,708.3168385714287,0.0,0.019
9.869,708.3168385714287,0.0,0.018
9.87,708.3168385714287,0.0,0.018
9.871,708.3168385714287,0.0,0.018
9.872,708.3168385714287,0.0,0.018
9.873,708.3168385714287,0.0,0.019
9.874,708.3168385714287,0.0,0.019
9.875,708.3168385714287,0.0,0.02
9.876,708.3168385714287,0.0,0.021
9.877,708.3168385714287,0.0,0.022
9.878,708.3168385714287,0.0,0.022
9.879,708.3168385714287,0.0,0.023
9.88,708.3168385714287,0.0,0.025
9.881,708.3168385714287,0.0,0.025
9.882,708.3168385714287,0.0,0.026
9.883,708.3168385714287,0.0,0.028
9.884,708.3168385714287,0.0,0.029
9.885,708.3168385714287,0.0,0.029
9.886,708.3168385714287,0.0,0.028
9.887,708.3168385714287,0.0,0.027
9.888,708.3168385714287,0.0,0.029
9.889,708.3168385714287,0.0,0.031
9.89,708.3168385714287,0.0,0.029
9.891,708.3168385714287,0.0,0.028
9.892,708.3168385714287,0.0,0.03
9.893,708.3168385714287,0.0,0.031
9.894,708.3168385714287,0.0,0.031
9.895,708.3168385714287,0.0,0.029
9.896,708.3168385714287,0.0,0.029
9.897,708.3168385714287,0.0,0.03
9.898,708.3168385714287,0.0,0.029
9.899,708.3168385714287,0.0,0.029
9.9,708.3168385714287,0.0,0.028
9.901,708.3168385714287,0.0,0.028
9.902,708.3168385714287,0.0,0.028
9.903,708.3168385714287,0.0,0.028
9.904,708.3168385714287,0.0,0.028
9.905,708.3168385714287,0.0,0.029
9.906,708.3168385714287,0.0,0.029
9.907,708.3168385714287,0.0,0.029
9.908,708.3168385714287,0.0,0.031
9.909,708.3168385714287,0.0,0.033
9.91,708.3168385714287,0.0,0.036
9.911,708.3168385714287,0.0,0.037
9.912,708.3168385714287,0.0,0.036
9.913,708.3168385714287,0.0,0.036
9.914,708.3168385714287,0.0,0.037
9.915,708.3168385714287,0.0,0.037
9.916,708.3168385714287,0.0,0.036
9.917,708.3168385714287,0.0,0.036
9.918,708.3168385714287,0.0,0.037
9.919,708.3168385714287,0.0,0.036
9.92,708.3168385714287,0.0,0.034
9.921,708.3168385714287,0.0,0.031
9.922,708.3168385714287,0.0,0.03
9.923,708.3168385714287,0.0,0.027
9.924,708.3168385714287,0.0,0.024
9.925,708.3168385714287,0.0,0.021
9.926,708.3168385714287,0.0,0.019
9.927,708.3168385714287,0.0,0.017
9.928,708.3168385714287,0.0,0.016
9.929,708.3168385714287,0.0,0.015
9.93,708.3168385714287,0.0,0.014
9.931,708.3168385714287,0.0,0.013
9.932,708.3168385714287,0.0,0.013
9.933,708.3168385714287,0.0,0.014
9.934,708.3168385714287,0.0,0.014
9.935,708.3168385714287,0.0,0.014
9.936,708.3168385714287,0.0,0.015
9.937,708.3168385714287,0.0,0.016
9.938,708.3168385714287,0.0,0.015
9.939,708.3168385714287,0.0,0.016
9.94,708.3168385714287,0.0,0.017
9.941,708.3168385714287,0.0,0.017
9.942,708.3168385714287,0.0,0.017
9.943,708.3168385714287,0.0,0.018
9.944,708.3168385714287,0.0,0.019
9.945,708.3168385714287,0.0,0.018
9.946,708.3168385714287,0.0,0.016
9.947,708.3168385714287,0.0,0.017
9.948,708.3168385714287,0.0,0.016
9.949,708.3168385714287,0.0,0.015
9.95,708.3168385714287,0.0,0.014
9.951,708.3168385714287,0.0,0.015
9.952,708.3168385714287,0.0,0.014
9.953,708.3168385714287,0.0,0.012
9.954,708.3168385714287,0.0,0.012
9.955,708.3168385714287,0.0,0.013
9.956,708.3168385714287,0.0,0.014
9.957,708.3168385714287,0.0,0.015
9.958,708.3168385714287,0.0,0.018
9.959,708.3168385714287,0.0,0.02
9.96,708.3168385714287,0.0,0.023
9.961,708.3168385714287,0.0,0.025
9.962,708.3168385714287,0.0,0.029
9.963,708.3168385714287,0.0,0.033
9.964,708.3168385714287,0.0,0.033
9.965,708.3168385714287,0.0,0.034
9.966,668.5534974489796,0.0,0.038
9.967,668.5534974489796,0.0,0.041
9.968,668.5534974489796,0.0,0.039
9.969,668.5534974489796,0.0,0.037
9.97,668.5534974489796,0.0,0.036
9.971,668.5534974489796,0.0,0.035
9.972,668.5534974489796,0.0,0.035
9.973,668.5534974489796,0.0,0.034
9.974,668.5534974489796,0.0,0.03
9.975,668.5534974489796,0.0,0.03
9.976,668.5534974489796,0.0,0.031
9.977,668.5534974489796,0.0,0.029
9.978,668.5534974489796,0.0,0.026
9.979,668.5534974489796,0.0,0.025
9.98,668.5534974489796,0.0,0.024
9.981,668.5534974489796,0.0,0.023
9.982,668.5534974489796,0.0,0.021
9.983,668.5534974489796,0.0,0.019
9.984,668.5534974489796,0.0,0.019
9.985,668.5534974489796,0.0,0.019
9.986,668.5534974489796,0.0,0.016
9.987,668.5534974489796,0.0,0.015
9.988,668.5534974489796,0.0,0.015
9.989,668.5534974489796,0.0,0.013
9.99,668.5534974489796,0.0,0.011
9.991,668.5534974489796,0.0,0.01
9.992,668.5534974489796,0.0,0.009
9.993,668.5534974489796,0.0,0.008
9.994,668.5534974489796,0.0,0.007
9.995,668.5534974489796,0.0,0.006
9.996,668.5534974489796,0.0,0.006
9.997,668.5534974489796,0.0,0.005
9.998,668.5534974489796,0.0,0.005
9.999,668.5534974489796,0.0,0.004
10.0,668.5534974489796,0.0,0.004
10.001,668.5534974489796,0.0,0.004
10.002,668.5534974489796,0.0,0.004
10.003,668.5534974489796,0.0,0.005
10.004,668.5534974489796,0.0,0.006
10.005,668.5534974489796,0.0,0.006
10.006,668.5534974489796,0.0,0.007
10.007,668.5534974489796,0.0,0.007
10.008,668.5534974489796,0.0,0.008
10.009,668.5534974489796,0.0,0.009
10.01,668.5534974489796,0.0,0.01
10.011,668.5534974489796,0.0,0.011
10.012,668.5534974489796,0.0,0.013
10.013,668.5534974489796,0.0,0.014
10.014,668.5534974489796,0.0,0.016
10.015,668.5534974489796,0.0,0.018
10.016,668.5534974489796,0.0,0.019
10.017,668.5534974489796,0.0,0.019
10.018,668.5534974489796,0.0,0.019
10.019,668.5534974489796,0.0,0.019
10.02,668.5534974489796,0.0,0.018
10.021,668.5534974489796,0.0,0.017
10.022,668.5534974489796,0.0,0.016
10.023,668.5534974489796,0.0,0.016
10.024,668.5534974489796,0.0,0.015
10.025,668.5534974489796,0.0,0.015
10.026,668.5534974489796,0.0,0.015
10.027,668.5534974489796,0.0,0.016
10.028,668.5534974489796,0.0,0.016
10.029,668.5534974489796,0.0,0.016
10.03,668.5534974489796,0.0,0.016
10.031,668.5534974489796,0.0,0.017
10.032,668.5534974489796,0.0,0.02
10.033,668.5534974489796,0.0,0.021
10.034,668.5534974489796,0.0,0.022
10.035,668.5534974489796,0.0,0.026
10.036,668.5534974489796,0.0,0.031
10.037,668.5534974489796,0.0,0.031
10.038,668.5534974489796,0.0,0.033
10.039,668.5534974489796,0.0,0.038
10.04,668.5534974489796,0.0,0.043
10.041,668.5534974489796,0.0,0.046
10.042,668.5534974489796,0.0,0.049
10.043,668.5534974489796,0.0,0.056
10.044,668.5534974489796,0.0,0.065
10.045,668.5534974489796,0.0,0.071
10.046,668.5534974489796,0.0,0.072
10.047,668.5534974489796,0.0,0.08
10.048,668.5534974489796,0.0,0.091
10.049,668.5534974489796,0.0,0.092
10.05,668.5534974489796,0.0,0.089
10.051,668.5534974489796,0.0,0.093
10.052,668.5534974489796,0.0,0.101
10.053,668.5534974489796,0.0,0.098
10.054,668.5534974489796,0.0,0.083
10.055,668.5534974489796,0.0,0.079
10.056,668.5534974489796,0.0,0.078
10.057,668.5534974489796,0.0,0.072
10.058,668.5534974489796,0.0,0.057
10.059,668.5534974489796,0.0,0.046
10.06,668.5534974489796,0.0,0.04
10.061,668.5534974489796,0.0,0.035
10.062,668.5534974489796,0.0,0.027
10.063,668.5534974489796,0.0,0.022
10.064,668.5534974489796,0.0,0.022
10.065,668.5534974489796,0.0,0.019
10.066,668.5534974489796,0.0,0.017
10.067,668.5534974489796,0.0,0.017
10.068,668.5534974489796,0.0,0.019
10.069,668.5534974489796,0.0,0.019
10.07,668.5534974489796,0.0,0.018
10.071,668.5534974489796,0.0,0.018
10.072,668.5534974489796,0.0,0.019
10.073,668.5534974489796,0.0,0.021
10.074,668.5534974489796,0.0,0.02
10.075,668.5534974489796,0.0,0.019
10.076,668.5534974489796,0.0,0.021
10.077,668.5534974489796,0.0,0.023
10.078,668.5534974489796,0.0,0.021
10.079,668.5534974489796,0.0,0.02
10.08,668.5534974489796,0.0,0.022
10.081,668.5534974489796,0.0,0.027
10.082,668.5534974489796,0.0,0.027
10.083,668.5534974489796,0.0,0.025
10.084,668.5534974489796,0.0,0.03
10.085,668.5534974489796,0.0,0.035
10.086,668.5534974489796,0.0,0.039
10.087,668.5534974489796,0.0,0.039
10.088,668.5534974489796,0.0,0.044
10.089,668.5534974489796,0.0,0.051
10.09,668.5534974489796,0.0,0.051
10.091,668.5534974489796,0.0,0.053
10.092,668.5534974489796,0.0,0.06
10.093,668.5534974489796,0.0,0.066
10.094,668.5534974489796,0.0,0.064
10.095,668.5534974489796,0.0,0.063
10.096,668.5534974489796,0.0,0.068
10.097,668.5534974489796,0.0,0.072
10.098,668.5534974489796,0.0,0.07
10.099,668.5534974489796,0.0,0.066
10.1,668.5534974489796,0.0,0.066
10.101,668.5534974489796,0.0,0.071
10.102,595.6185447959184,0.0,0.075
10.103,595.6185447959184,0.0,0.073
10.104,595.6185447959184,0.0,0.077
10.105,595.6185447959184,0.0,0.088
10.106,595.6185447959184,0.0,0.095
10.107,595.6185447959184,0.0,0.093
10.108,595.6185447959184,0.0,0.087
10.109,595.6185447959184,0.0,0.09
10.11,595.6185447959184,0.0,0.098
10.111,595.6185447959184,0.0,0.1
10.112,595.6185447959184,0.0,0.095
10.113,595.6185447959184,0.0,0.095
10.114,595.6185447959184,0.0,0.095
10.115,595.6185447959184,0.0,0.088
10.116,595.6185447959184,0.0,0.078
10.117,595.6185447959184,0.0,0.079
10.118,595.6185447959184,0.0,0.078
10.119,595.6185447959184,0.0,0.078
10.12,595.6185447959184,0.0,0.071
10.121,595.6185447959184,0.0,0.066
10.122,595.6185447959184,0.0,0.064
10.123,595.6185447959184,0.0,0.061
10.124,595.6185447959184,0.0,0.058
10.125,595.6185447959184,0.0,0.054
10.126,595.6185447959184,0.0,0.054
10.127,595.6185447959184,0.0,0.051
10.128,595.6185447959184,0.0,0.049
10.129,595.6185447959184,0.0,0.045
10.13,595.6185447959184,0.0,0.043
10.131,595.6185447959184,0.0,0.04
10.132,595.6185447959184,0.0,0.036
10.133,595.6185447959184,0.0,0.031
10.134,595.6185447959184,0.0,0.029
10.135,595.6185447959184,0.0,0.03
10.136,595.6185447959184,0.0,0.031
10.137,595.6185447959184,0.0,0.028
10.138,595.6185447959184,0.0,0.029
10.139,595.6185447959184,0.0,0.033
10.14,595.6185447959184,0.0,0.033
10.141,595.6185447959184,0.0,0.031
10.142,595.6185447959184,0.0,0.032
10.143,595.6185447959184,0.0,0.038
10.144,595.6185447959184,0.0,0.043
10.145,595.6185447959184,0.0,0.043
10.146,595.6185447959184,0.0,0.048
10.147,595.6185447959184,0.0,0.056
10.148,595.6185447959184,0.0,0.062
10.149,595.6185447959184,0.0,0.061
10.15,595.6185447959184,0.0,0.062
10.151,595.6185447959184,0.0,0.066
10.152,595.6185447959184,0.0,0.068
10.153,595.6185447959184,0.0,0.066
10.154,595.6185447959184,0.0,0.065
10.155,595.6185447959184,0.0,0.071
10.156,595.6185447959184,0.0,0.069
10.157,595.6185447959184,0.0,0.062
10.158,595.6185447959184,0.0,0.054
10.159,595.6185447959184,0.0,0.054
10.16,595.6185447959184,0.0,0.053
10.161,595.6185447959184,0.0,0.045
10.162,595.6185447959184,0.0,0.039
10.163,595.6185447959184,0.0,0.038
10.164,595.6185447959184,0.0,0.036
10.165,595.6185447959184,0.0,0.032
10.166,595.6185447959184,0.0,0.027
10.167,595.6185447959184,0.0,0.026
10.168,595.6185447959184,0.0,0.025
10.169,595.6185447959184,0.0,0.023
10.17,595.6185447959184,0.0,0.022
10.171,595.6185447959184,0.0,0.023
10.172,595.6185447959184,0.0,0.024
10.173,595.6185447959184,0.0,0.022
10.174,595.6185447959184,0.0,0.019
10.175,595.6185447959184,0.0,0.019
10.176,595.6185447959184,0.0,0.021
10.177,595.6185447959184,0.0,0.021
10.178,595.6185447959184,0.0,0.02
10.179,595.6185447959184,0.0,0.02
10.18,595.6185447959184,0.0,0.022
10.181,595.6185447959184,0.0,0.021
10.182,595.6185447959184,0.0,0.018
10.183,595.6185447959184,0.0,0.017
10.184,595.6185447959184,0.0,0.017
10.185,595.6185447959184,0.0,0.017
10.186,595.6185447959184,0.0,0.016
10.187,595.6185447959184,0.0,0.015
10.188,595.6185447959184,0.0,0.015
10.189,595.6185447959184,0.0,0.015
10.19,595.6185447959184,0.0,0.014
10.191,595.6185447959184,0.0,0.014
10.192,595.6185447959184,0.0,0.014
10.193,595.6185447959184,0.0,0.015
10.194,595.6185447959184,0.0,0.014
10.195,595.6185447959184,0.0,0.014
10.196,595.6185447959184,0.0,0.015
10.197,595.6185447959184,0.0,0.017
10.198,595.6185447959184,0.0,0.016
10.199,595.6185447959184,0.0,0.015
10.2,595.6185447959184,0.0,0.016
10.201,595.6185447959184,0.0,0.016
10.202,595.6185447959184,0.0,0.016
10.203,595.6185447959184,0.0,0.015
10.204,595.6185447959184,0.0,0.015
10.205,595.6185447959184,0.0,0.015
10.206,595.6185447959184,0.0,0.015
10.207,595.6185447959184,0.0,0.014
10.208,595.6185447959184,0.0,0.014
10.209,595.6185447959184,0.0,0.013
10.21,595.6185447959184,0.0,0.013
10.211,595.6185447959184,0.0,0.012
10.212,595.6185447959184,0.0,0.012
10.213,595.6185447959184,0.0,0.012
10.214,595.6185447959184,0.0,0.011
10.215,595.6185447959184,0.0,0.01
10.216,595.6185447959184,0.0,0.01
10.217,595.6185447959184,0.0,0.011
10.218,595.6185447959184,0.0,0.011
10.219,595.6185447959184,0.0,0.01
10.22,595.6185447959184,0.0,0.009
10.221,595.6185447959184,0.0,0.009
10.222,595.6185447959184,0.0,0.009
10.223,595.6185447959184,0.0,0.01
10.224,595.6185447959184,0.0,0.01
10.225,595.6185447959184,0.0,0.01
10.226,595.6185447959184,0.0,0.01
10.227,595.6185447959184,0.0,0.011
10.228,595.6185447959184,0.0,0.011
10.229,595.6185447959184,0.0,0.011
10.23,595.6185447959184,0.0,0.011
10.231,595.6185447959184,0.0,0.013
10.232,595.6185447959184,0.0,0.014
10.233,595.6185447959184,0.0,0.017
10.234,595.6185447959184,0.0,0.018
10.235,595.6185447959184,0.0,0.02
10.236,595.6185447959184,0.0,0.022
10.237,595.6185447959184,0.0,0.023
10.238,595.6185447959184,0.0,0.023
10.239,595.6185447959184,0.0,0.025
10.24,595.6185447959184,0.0,0.026
10.241,595.6185447959184,0.0,0.023
10.242,595.6185447959184,0.0,0.021
10.243,595.6185447959184,0.0,0.022
10.244,595.6185447959184,0.0,0.024
10.245,595.6185447959184,0.0,0.023
10.246,446.209387755102,0.0,0.02
10.247,446.209387755102,0.0,0.02
10.248,446.209387755102,0.0,0.022
10.249,446.209387755102,0.0,0.022
10.25,446.209387755102,0.0,0.021
10.251,446.209387755102,0.0,0.022
10.252,446.209387755102,0.0,0.024
10.253,446.209387755102,0.0,0.024
10.254,446.209387755102,0.0,0.023
10.255,446.209387755102,0.0,0.022
10.256,446.209387755102,0.0,0.023
10.257,446.209387755102,0.0,0.027
10.258,446.209387755102,0.0,0.028
10.259,446.209387755102,0.0,0.029
10.26,446.209387755102,0.0,0.029
10.261,446.209387755102,0.0,0.031
10.262,446.209387755102,0.0,0.034
10.263,446.209387755102,0.0,0.036
10.264,446.209387755102,0.0,0.034
10.265,446.209387755102,0.0,0.031
10.266,446.209387755102,0.0,0.032
10.267,446.209387755102,0.0,0.034
10.268,446.209387755102,0.0,0.032
10.269,446.209387755102,0.0,0.029
10.27,446.209387755102,0.0,0.028
10.271,446.209387755102,0.0,0.029
10.272,446.209387755102,0.0,0.029
10.273,446.209387755102,0.0,0.025
10.274,446.209387755102,0.0,0.025
10.275,446.209387755102,0.0,0.026
10.276,446.209387755102,0.0,0.028
10.277,446.209387755102,0.0,0.028
10.278,446.209387755102,0.0,0.03
10.279,446.209387755102,0.0,0.03
10.28,446.209387755102,0.0,0.032
10.281,446.209387755102,0.0,0.035
10.282,446.209387755102,0.0,0.036
10.283,446.209387755102,0.0,0.038
10.284,446.209387755102,0.0,0.042
10.285,446.209387755102,0.0,0.045
10.286,446.209387755102,0.0,0.043
10.287,446.209387755102,0.0,0.045
10.288,446.209387755102,0.0,0.048
10.289,446.209387755102,0.0,0.049
10.29,446.209387755102,0.0,0.049
10.291,446.209387755102,0.0,0.052
10.292,446.209387755102,0.0,0.061
10.293,446.209387755102,0.0,0.063
10.294,446.209387755102,0.0,0.065
10.295,446.209387755102,0.0,0.065
10.296,446.209387755102,0.0,0.066
10.297,446.209387755102,0.0,0.074
10.298,446.209387755102,0.0,0.076
10.299,446.209387755102,0.0,0.072
10.3,446.209387755102,0.0,0.071
10.301,446.209387755102,0.0,0.083
10.302,446.209387755102,0.0,0.088
10.303,446.209387755102,0.0,0.082
10.304,446.209387755102,0.0,0.083
10.305,446.209387755102,0.0,0.083
10.306,446.209387755102,0.0,0.093
10.307,446.209387755102,0.0,0.083
10.308,446.209387755102,0.0,0.086
10.309,446.209387755102,0.0,0.086
10.31,446.209387755102,0.0,0.089
10.311,446.209387755102,0.0,0.092
10.312,446.209387755102,0.0,0.096
10.313,446.209387755102,0.0,0.114
10.314,446.209387755102,0.0,0.113
10.315,446.209387755102,0.0,0.125
10.316,446.209387755102,0.0,0.127
10.317,446.209387755102,0.0,0.125
10.318,446.209387755102,0.0,0.122
10.319,446.209387755102,0.0,0.13
10.32,446.209387755102,0.0,0.132
10.321,446.209387755102,0.0,0.123
10.322,446.209387755102,0.0,0.137
10.323,446.209387755102,0.0,0.137
10.324,446.209387755102,0.0,0.144
10.325,446.209387755102,0.0,0.143
10.326,446.209387755102,0.0,0.143
10.327,446.209387755102,0.0,0.152
10.328,446.209387755102,0.0,0.144
10.329,446.209387755102,0.0,0.136
10.33,446.209387755102,0.0,0.126
10.331,446.209387755102,0.0,0.135
10.332,446.209387755102,0.0,0.135
10.333,446.209387755102,0.0,0.134
10.334,446.209387755102,0.0,0.123
10.335,446.209387755102,0.0,0.11
10.336,446.209387755102,0.0,0.107
10.337,446.209387755102,0.0,0.105
10.338,446.209387755102,0.0,0.1
10.339,446.209387755102,0.0,0.092
10.34,446.209387755102,0.0,0.101
10.341,446.209387755102,0.0,0.088
10.342,446.209387755102,0.0,0.095
10.343,446.209387755102,0.0,0.085
10.344,446.209387755102,0.0,0.075
10.345,446.209387755102,0.0,0.069
10.346,446.209387755102,0.0,0.064
10.347,446.209387755102,0.0,0.063
10.348,446.209387755102,0.0,0.056
10.349,446.209387755102,0.0,0.063
10.35,446.209387755102,0.0,0.065
10.351,446.209387755102,0.0,0.062
10.352,446.209387755102,0.0,0.055
10.353,446.209387755102,0.0,0.058
10.354,446.209387755102,0.0,0.065
10.355,446.209387755102,0.0,0.061
10.356,446.209387755102,0.0,0.058
10.357,446.209387755102,0.0,0.06
10.358,446.209387755102,0.0,0.067
10.359,446.209387755102,0.0,0.069
10.36,446.209387755102,0.0,0.068
10.361,446.209387755102,0.0,0.059
10.362,446.209387755102,0.0,0.052
10.363,446.209387755102,0.0,0.059
10.364,446.209387755102,0.0,0.06
10.365,446.209387755102,0.0,0.054
10.366,446.209387755102,0.0,0.045
10.367,446.209387755102,0.0,0.05
10.368,446.209387755102,0.0,0.053
10.369,446.209387755102,0.0,0.05
10.37,446.209387755102,0.0,0.045
10.371,446.209387755102,0.0,0.041
10.372,446.209387755102,0.0,0.045
10.373,446.209387755102,0.0,0.044
10.374,446.209387755102,0.0,0.04
10.375,446.209387755102,0.0,0.039
10.376,446.209387755102,0.0,0.04
10.377,446.209387755102,0.0,0.042
10.378,446.209387755102,0.0,0.041
10.379,446.209387755102,0.0,0.043
10.38,446.209387755102,0.0,0.049
10.381,446.209387755102,0.0,0.052
10.382,446.209387755102,0.0,0.047
10.383,446.209387755102,0.0,0.048
10.384,446.209387755102,0.0,0.052
10.385,446.209387755102,0.0,0.052
10.386,446.209387755102,0.0,0.05
10.387,446.209387755102,0.0,0.051
10.388,446.209387755102,0.0,0.055
10.389,446.209387755102,0.0,0.058
10.39,446.209387755102,0.0,0.058
10.391,446.209387755102,0.0,0.056
10.392,446.209387755102,0.0,0.055
10.393,446.209387755102,0.0,0.061
10.394,446.209387755102,0.0,0.065
10.395,446.209387755102,0.0,0.064
10.396,446.209387755102,0.0,0.062
10.397,446.209387755102,0.0,0.06
10.398,446.209387755102,0.0,0.062
10.399,446.209387755102,0.0,0.06
10.4,446.209387755102,0.0,0.055
10.401,446.209387755102,0.0,0.052
10.402,446.209387755102,0.0,0.051
10.403,446.209387755102,0.0,0.045
10.404,446.209387755102,0.0,0.042
10.405,446.209387755102,0.0,0.04
10.406,446.209387755102,0.0,0.037
10.407,446.209387755102,0.0,0.033
10.408,446.209387755102,0.0,0.029
10.409,446.209387755102,0.0,0.026
10.41,446.209387755102,0.0,0.023
10.411,446.209387755102,0.0,0.022
10.412,446.209387755102,0.0,0.019
10.413,446.209387755102,0.0,0.018
10.414,446.209387755102,0.0,0.017
10.415,446.209387755102,0.0,0.016
10.416,446.209387755102,0.0,0.015
10.417,446.209387755102,0.0,0.014
10.418,446.209387755102,0.0,0.015
10.419,446.209387755102,0.0,0.017
10.42,446.209387755102,0.0,0.018
10.421,446.209387755102,0.0,0.019
10.422,446.209387755102,0.0,0.022
10.423,446.209387755102,0.0,0.026
10.424,446.209387755102,0.0,0.026
10.425,446.209387755102,0.0,0.028
10.426,446.209387755102,0.0,0.03
10.427,446.209387755102,0.0,0.033
10.428,446.209387755102,0.0,0.036
10.429,446.209387755102,0.0,0.039
10.43,446.209387755102,0.0,0.04
10.431,446.209387755102,0.0,0.039
10.432,446.209387755102,0.0,0.045
10.433,446.209387755102,0.0,0.047
10.434,446.209387755102,0.0,0.049
10.435,446.209387755102,0.0,0.047
10.436,446.209387755102,0.0,0.05
10.437,446.209387755102,0.0,0.054
10.438,446.209387755102,0.0,0.058
10.439,446.209387755102,0.0,0.058
10.44,446.209387755102,0.0,0.053
10.441,446.209387755102,0.0,0.055
10.442,446.209387755102,0.0,0.053
10.443,446.209387755102,0.0,0.061
10.444,446.209387755102,0.0,0.054
10.445,446.209387755102,0.0,0.055
10.446,446.209387755102,0.0,0.058
10.447,446.209387755102,0.0,0.057
10.448,446.209387755102,0.0,0.057
10.449,446.209387755102,0.0,0.055
10.45,446.209387755102,0.0,0.057
10.451,446.209387755102,0.0,0.055
10.452,446.209387755102,0.0,0.058
10.453,446.209387755102,0.0,0.058
10.454,446.209387755102,0.0,0.057
10.455,446.209387755102,0.0,0.058
10.456,446.209387755102,0.0,0.057
10.457,446.209387755102,0.0,0.054
10.458,446.209387755102,0.0,0.048
10.459,446.209387755102,0.0,0.049
10.46,446.209387755102,0.0,0.048
10.461,446.209387755102,0.0,0.044
10.462,446.209387755102,0.0,0.037
10.463,446.209387755102,0.0,0.035
10.464,446.209387755102,0.0,0.036
10.465,446.209387755102,0.0,0.035
10.466,446.209387755102,0.0,0.031
10.467,446.209387755102,0.0,0.03
10.468,446.209387755102,0.0,0.03
10.469,446.209387755102,0.0,0.029
10.47,446.209387755102,0.0,0.027
10.471,446.209387755102,0.0,0.029
10.472,446.209387755102,0.0,0.029
10.473,446.209387755102,0.0,0.031
10.474,446.209387755102,0.0,0.033
10.475,446.209387755102,0.0,0.036
10.476,446.209387755102,0.0,0.039
10.477,446.209387755102,0.0,0.042
10.478,446.209387755102,0.0,0.041
10.479,446.209387755102,0.0,0.038
10.48,446.209387755102,0.0,0.038
10.481,446.209387755102,0.0,0.041
10.482,446.209387755102,0.0,0.044
10.483,446.209387755102,0.0,0.042
10.484,446.209387755102,0.0,0.04
10.485,446.209387755102,0.0,0.042
10.486,446.209387755102,0.0,0.047
10.487,446.209387755102,0.0,0.048
10.488,446.209387755102,0.0,0.044
10.489,446.209387755102,0.0,0.044
10.49,446.209387755102,0.0,0.05
10.491,446.209387755102,0.0,0.055
10.492,446.209387755102,0.0,0.051
10.493,446.209387755102,0.0,0.048
10.494,446.209387755102,0.0,0.05
10.495,446.209387755102,0.0,0.052
10.496,446.209387755102,0.0,0.047
10.497,446.209387755102,0.0,0.042
10.498,446.209387755102,0.0,0.042
10.499,446.209387755102,0.0,0.044
10.5,446.209387755102,0.0,0.042
10.501,446.209387755102,0.0,0.041
10.502,446.209387755102,0.0,0.04
10.503,446.209387755102,0.0,0.04
10.504,446.209387755102,0.0,0.039
10.505,446.209387755102,0.0,0.037
10.506,446.209387755102,0.0,0.035
10.507,446.209387755102,0.0,0.033
10.508,446.209387755102,0.0,0.031
10.509,530.6342321428571,0.0,0.027
10.51,530.6342321428571,0.0,0.023
10.511,530.6342321428571,0.0,0.02
10.512,530.6342321428571,0.0,0.017
10.513,530.6342321428571,0.0,0.013
10.514,530.6342321428571,0.0,0.011
10.515,530.6342321428571,0.0,0.009
10.516,530.6342321428571,0.0,0.008
10.517,530.6342321428571,0.0,0.006
10.518,530.6342321428571,0.0,0.005
10.519,530.6342321428571,0.0,0.004
10.52,530.6342321428571,0.0,0.003
10.521,530.6342321428571,0.0,0.003
10.522,530.6342321428571,0.0,0.003
10.523,530.6342321428571,0.0,0.003
10.524,530.6342321428571,0.0,0.002
10.525,530.6342321428571,0.0,0.002
10.526,530.6342321428571,0.0,0.002
10.527,530.6342321428571,0.0,0.002
10.528,530.6342321428571,0.0,0.002
10.529,530.6342321428571,0.0,0.002
10.53,530.6342321428571,0.0,0.002
10.531,530.6342321428571,0.0,0.003
10.532,530.6342321428571,0.0,0.003
10.533,530.6342321428571,0.0,0.003
10.534,530.6342321428571,0.0,0.003
10.535,530.6342321428571,0.0,0.003
10.536,530.6342321428571,0.0,0.003
10.537,530.6342321428571,0.0,0.003
10.538,530.6342321428571,0.0,0.003
10.539,530.6342321428571,0.0,0.003
10.54,530.6342321428571,0.0,0.003
10.541,530.6342321428571,0.0,0.003
10.542,530.6342321428571,0.0,0.003
10.543,530.6342321428571,0.0,0.003
10.544,530.6342321428571,0.0,0.003
10.545,530.6342321428571,0.0,0.003
10.546,530.6342321428571,0.0,0.003
10.547,530.6342321428571,0.0,0.003
10.548,530.6342321428571,0.0,0.003
10.549,530.6342321428571,0.0,0.003
10.55,530.6342321428571,0.0,0.003
10.551,530.6342321428571,0.0,0.003
10.552,530.6342321428571,0.0,0.003
10.553,530.6342321428571,0.0,0.003
10.554,530.6342321428571,0.0,0.003
10.555,530.6342321428571,0.0,0.003
10.556,530.6342321428571,0.0,0.002
10.557,530.6342321428571,0.0,0.002
10.558,530.6342321428571,0.0,0.002
10.559,530.6342321428571,0.0,0.003
10.56,530.6342321428571,0.0,0.002
10.561,530.6342321428571,0.0,0.002
10.562,530.6342321428571,0.0,0.002
10.563,530.6342321428571,0.0,0.002
10.564,530.6342321428571,0.0,0.002
10.565,530.6342321428571,0.0,0.002
10.566,530.6342321428571,0.0,0.002
10.567,530.6342321428571,0.0,0.002
10.568,530.6342321428571,0.0,0.003
10.569,530.6342321428571,0.0,0.003
10.57,530.6342321428571,0.0,0.003
10.571,530.6342321428571,0.0,0.003
10.572,530.6342321428571,0.0,0.003
10.573,530.6342321428571,0.0,0.003
10.574,530.6342321428571,0.0,0.003
10.575,530.6342321428571,0.0,0.003
10.576,530.6342321428571,0.0,0.004
10.577,530.6342321428571,0.0,0.004
10.578,530.6342321428571,0.0,0.004
10.579,530.6342321428571,0.0,0.004
10.58,530.6342321428571,0.0,0.004
10.581,530.6342321428571,0.0,0.005
10.582,530.6342321428571,0.0,0.005
10.583,530.6342321428571,0.0,0.005
10.584,530.6342321428571,0.0,0.006
10.585,530.6342321428571,0.0,0.006
10.586,530.6342321428571,0.0,0.007
10.587,530.6342321428571,0.0,0.007
10.588,530.6342321428571,0.0,0.007
10.589,530.6342321428571,0.0,0.007
10.59,530.6342321428571,0.0,0.007
10.591,530.6342321428571,0.0,0.007
10.592,530.6342321428571,0.0,0.007
10.593,530.6342321428571,0.0,0.007
10.594,530.6342321428571,0.0,0.007
10.595,530.6342321428571,0.0,0.006
10.596,530.6342321428571,0.0,0.006
10.597,530.6342321428571,0.0,0.006
10.598,530.6342321428571,0.0,0.006
10.599,530.6342321428571,0.0,0.005
10.6,530.6342321428571,0.0,0.005
10.601,530.6342321428571,0.0,0.005
10.602,530.6342321428571,0.0,0.005
10.603,530.6342321428571,0.0,0.005
10.604,530.6342321428571,0.0,0.005
10.605,530.6342321428571,0.0,0.005
10.606,530.6342321428571,0.0,0.005
10.607,530.6342321428571,0.0,0.004
10.608,530.6342321428571,0.0,0.004
10.609,530.6342321428571,0.0,0.004
10.61,530.6342321428571,0.0,0.004
10.611,530.6342321428571,0.0,0.004
10.612,530.6342321428571,0.0,0.004
10.613,530.6342321428571,0.0,0.004
10.614,530.6342321428571,0.0,0.004
10.615,530.6342321428571,0.0,0.004
10.616,530.6342321428571,0.0,0.004
10.617,530.6342321428571,0.0,0.004
10.618,530.6342321428571,0.0,0.004
10.619,530.6342321428571,0.0,0.004
10.62,530.6342321428571,0.0,0.005
10.621,530.6342321428571,0.0,0.005
10.622,530.6342321428571,0.0,0.006
10.623,530.6342321428571,0.0,0.007
10.624,530.6342321428571,0.0,0.008
10.625,530.6342321428571,0.0,0.009
10.626,530.6342321428571,0.0,0.01
10.627,530.6342321428571,0.0,0.012
10.628,530.6342321428571,0.0,0.014
10.629,530.6342321428571,0.0,0.016
10.63,530.6342321428571,0.0,0.02
10.631,530.6342321428571,0.0,0.024
10.632,530.6342321428571,0.0,0.028
10.633,530.6342321428571,0.0,0.031
10.634,530.6342321428571,0.0,0.032
10.635,530.6342321428571,0.0,0.033
10.636,530.6342321428571,0.0,0.033
10.637,530.6342321428571,0.0,0.033
10.638,530.6342321428571,0.0,0.03
10.639,530.6342321428571,0.0,0.027
10.64,530.6342321428571,0.0,0.027
10.641,530.6342321428571,0.0,0.026
10.642,530.6342321428571,0.0,0.023
10.643,530.6342321428571,0.0,0.02
10.644,530.6342321428571,0.0,0.019
10.645,530.6342321428571,0.0,0.019
10.646,530.6342321428571,0.0,0.018
10.647,530.6342321428571,0.0,0.018
10.648,530.6342321428571,0.0,0.016
10.649,530.6342321428571,0.0,0.015
10.65,530.6342321428571,0.0,0.015
10.651,530.6342321428571,0.0,0.014
10.652,530.6342321428571,0.0,0.012
10.653,421.16081530612246,0.0,0.009
10.654,421.16081530612246,0.0,0.008
10.655,421.16081530612246,0.0,0.008
10.656,421.16081530612246,0.0,0.008
10.657,421.16081530612246,0.0,0.008
10.658,421.16081530612246,0.0,0.008
10.659,421.16081530612246,0.0,0.007
10.66,421.16081530612246,0.0,0.008
10.661,421.16081530612246,0.0,0.009
10.662,421.16081530612246,0.0,0.011
10.663,421.16081530612246,0.0,0.013
10.664,421.16081530612246,0.0,0.015
10.665,421.16081530612246,0.0,0.017
10.666,421.16081530612246,0.0,0.019
10.667,421.16081530612246,0.0,0.02
10.668,421.16081530612246,0.0,0.022
10.669,421.16081530612246,0.0,0.025
10.67,421.16081530612246,0.0,0.025
10.671,421.16081530612246,0.0,0.025
10.672,421.16081530612246,0.0,0.026
10.673,421.16081530612246,0.0,0.027
10.674,421.16081530612246,0.0,0.028
10.675,421.16081530612246,0.0,0.028
10.676,421.16081530612246,0.0,0.027
10.677,421.16081530612246,0.0,0.024
10.678,421.16081530612246,0.0,0.021
10.679,421.16081530612246,0.0,0.019
10.68,421.16081530612246,0.0,0.017
10.681,421.16081530612246,0.0,0.016
10.682,421.16081530612246,0.0,0.014
10.683,421.16081530612246,0.0,0.011
10.684,421.16081530612246,0.0,0.009
10.685,421.16081530612246,0.0,0.008
10.686,421.16081530612246,0.0,0.007
10.687,421.16081530612246,0.0,0.006
10.688,421.16081530612246,0.0,0.005
10.689,421.16081530612246,0.0,0.005
10.69,421.16081530612246,0.0,0.005
10.691,421.16081530612246,0.0,0.005
10.692,421.16081530612246,0.0,0.005
10.693,421.16081530612246,0.0,0.005
10.694,421.16081530612246,0.0,0.005
10.695,421.16081530612246,0.0,0.005
10.696,421.16081530612246,0.0,0.005
10.697,421.16081530612246,0.0,0.005
10.698,421.16081530612246,0.0,0.005
10.699,421.16081530612246,0.0,0.005
10.7,421.16081530612246,0.0,0.006
10.701,421.16081530612246,0.0,0.007
10.702,421.16081530612246,0.0,0.008
10.703,421.16081530612246,0.0,0.009
10.704,421.16081530612246,0.0,0.011
10.705,421.16081530612246,0.0,0.012
10.706,421.16081530612246,0.0,0.014
10.707,421.16081530612246,0.0,0.019
10.708,421.16081530612246,0.0,0.021
10.709,421.16081530612246,0.0,0.022
10.71,421.16081530612246,0.0,0.024
10.711,421.16081530612246,0.0,0.025
10.712,421.16081530612246,0.0,0.022
10.713,421.16081530612246,0.0,0.02
10.714,421.16081530612246,0.0,0.019
10.715,421.16081530612246,0.0,0.017
10.716,421.16081530612246,0.0,0.015
10.717,421.16081530612246,0.0,0.015
10.718,421.16081530612246,0.0,0.016
10.719,421.16081530612246,0.0,0.015
10.72,421.16081530612246,0.0,0.016
10.721,421.16081530612246,0.0,0.018
10.722,421.16081530612246,0.0,0.019
10.723,421.16081530612246,0.0,0.02
10.724,421.16081530612246,0.0,0.019
10.725,421.16081530612246,0.0,0.019
10.726,421.16081530612246,0.0,0.02
10.727,421.16081530612246,0.0,0.02
10.728,421.16081530612246,0.0,0.02
10.729,421.16081530612246,0.0,0.02
10.73,421.16081530612246,0.0,0.02
10.731,421.16081530612246,0.0,0.019
10.732,421.16081530612246,0.0,0.018
10.733,421.16081530612246,0.0,0.017
10.734,421.16081530612246,0.0,0.015
10.735,421.16081530612246,0.0,0.014
10.736,421.16081530612246,0.0,0.013
10.737,421.16081530612246,0.0,0.012
10.738,421.16081530612246,0.0,0.012
10.739,421.16081530612246,0.0,0.012
10.74,421.16081530612246,0.0,0.013
10.741,421.16081530612246,0.0,0.014
10.742,421.16081530612246,0.0,0.015
10.743,421.16081530612246,0.0,0.015
10.744,421.16081530612246,0.0,0.018
10.745,421.16081530612246,0.0,0.021
10.746,421.16081530612246,0.0,0.021
10.747,421.16081530612246,0.0,0.022
10.748,421.16081530612246,0.0,0.024
10.749,421.16081530612246,0.0,0.027
10.75,421.16081530612246,0.0,0.03
10.751,421.16081530612246,0.0,0.028
10.752,421.16081530612246,0.0,0.027
10.753,421.16081530612246,0.0,0.03
10.754,421.16081530612246,0.0,0.032
10.755,421.16081530612246,0.0,0.03
10.756,421.16081530612246,0.0,0.028
10.757,421.16081530612246,0.0,0.027
10.758,421.16081530612246,0.0,0.026
10.759,421.16081530612246,0.0,0.025
10.76,421.16081530612246,0.0,0.021
10.761,421.16081530612246,0.0,0.018
10.762,421.16081530612246,0.0,0.016
10.763,421.16081530612246,0.0,0.016
10.764,421.16081530612246,0.0,0.016
10.765,421.16081530612246,0.0,0.017
10.766,421.16081530612246,0.0,0.016
10.767,421.16081530612246,0.0,0.015
10.768,421.16081530612246,0.0,0.016
10.769,421.16081530612246,0.0,0.016
10.77,421.16081530612246,0.0,0.016
10.771,421.16081530612246,0.0,0.015
10.772,421.16081530612246,0.0,0.016
10.773,421.16081530612246,0.0,0.015
10.774,421.16081530612246,0.0,0.015
10.775,421.16081530612246,0.0,0.014
10.776,421.16081530612246,0.0,0.012
10.777,421.16081530612246,0.0,0.011
10.778,421.16081530612246,0.0,0.011
10.779,421.16081530612246,0.0,0.011
10.78,421.16081530612246,0.0,0.009
10.781,421.16081530612246,0.0,0.009
10.782,421.16081530612246,0.0,0.009
10.783,421.16081530612246,0.0,0.009
10.784,421.16081530612246,0.0,0.008
10.785,421.16081530612246,0.0,0.007
10.786,421.16081530612246,0.0,0.008
10.787,421.16081530612246,0.0,0.008
10.788,421.16081530612246,0.0,0.008
10.789,421.16081530612246,0.0,0.008
10.79,421.16081530612246,0.0,0.008
10.791,421.16081530612246,0.0,0.008
10.792,421.16081530612246,0.0,0.008
10.793,421.16081530612246,0.0,0.008
10.794,421.16081530612246,0.0,0.008
10.795,421.16081530612246,0.0,0.008
10.796,421.16081530612246,0.0,0.008
10.797,421.16081530612246,0.0,0.008
10.798,421.16081530612246,0.0,0.008
10.799,421.16081530612246,0.0,0.007
10.8,421.16081530612246,0.0,0.007
10.801,421.16081530612246,0.0,0.007
10.802,421.16081530612246,0.0,0.007
10.803,421.16081530612246,0.0,0.006
10.804,421.16081530612246,0.0,0.006
10.805,421.16081530612246,0.0,0.005
10.806,446.209387755102,0.0,0.005
10.807,446.209387755102,0.0,0.005
10.808,446.209387755102,0.0,0.004
10.809,446.209387755102,0.0,0.004
10.81,446.209387755102,0.0,0.004
10.811,446.209387755102,0.0,0.004
10.812,446.209387755102,0.0,0.004
10.813,446.209387755102,0.0,0.003
10.814,446.209387755102,0.0,0.004
10.815,446.209387755102,0.0,0.004
10.816,446.209387755102,0.0,0.004
10.817,446.209387755102,0.0,0.004
10.818,446.209387755102,0.0,0.004
10.819,446.209387755102,0.0,0.004
10.82,446.209387755102,0.0,0.004
10.821,446.209387755102,0.0,0.004
10.822,446.209387755102,0.0,0.004
10.823,446.209387755102,0.0,0.005
10.824,446.209387755102,0.0,0.006
10.825,446.209387755102,0.0,0.007
10.826,446.209387755102,0.0,0.007
10.827,446.209387755102,0.0,0.008
10.828,446.209387755102,0.0,0.009
10.829,446.209387755102,0.0,0.01
10.83,446.209387755102,0.0,0.011
10.831,446.209387755102,0.0,0.012
10.832,446.209387755102,0.0,0.014
10.833,446.209387755102,0.0,0.016
10.834,446.209387755102,0.0,0.018
10.835,446.209387755102,0.0,0.019
10.836,446.209387755102,0.0,0.021
10.837,446.209387755102,0.0,0.024
10.838,446.209387755102,0.0,0.026
10.839,446.209387755102,0.0,0.031
10.84,446.209387755102,0.0,0.033
10.841,446.209387755102,0.0,0.037
10.842,446.209387755102,0.0,0.038
10.843,446.209387755102,0.0,0.041
10.844,446.209387755102,0.0,0.043
10.845,446.209387755102,0.0,0.047
10.846,446.209387755102,0.0,0.05
10.847,446.209387755102,0.0,0.052
10.848,446.209387755102,0.0,0.06
10.849,446.209387755102,0.0,0.061
10.85,446.209387755102,0.0,0.064
10.851,446.209387755102,0.0,0.065
10.852,446.209387755102,0.0,0.069
10.853,446.209387755102,0.0,0.071
10.854,446.209387755102,0.0,0.072
10.855,446.209387755102,0.0,0.079
10.856,446.209387755102,0.0,0.079
10.857,446.209387755102,0.0,0.082
10.858,446.209387755102,0.0,0.081
10.859,446.209387755102,0.0,0.083
10.86,446.209387755102,0.0,0.083
10.861,446.209387755102,0.0,0.083
10.862,446.209387755102,0.0,0.085
10.863,446.209387755102,0.0,0.083
10.864,446.209387755102,0.0,0.082
10.865,446.209387755102,0.0,0.079
10.866,446.209387755102,0.0,0.075
10.867,446.209387755102,0.0,0.066
10.868,446.209387755102,0.0,0.064
10.869,446.209387755102,0.0,0.058
10.87,446.209387755102,0.0,0.051
10.871,446.209387755102,0.0,0.05
10.872,446.209387755102,0.0,0.046
10.873,446.209387755102,0.0,0.041
10.874,446.209387755102,0.0,0.034
10.875,446.209387755102,0.0,0.031
10.876,446.209387755102,0.0,0.027
10.877,446.209387755102,0.0,0.025
10.878,446.209387755102,0.0,0.024
10.879,446.209387755102,0.0,0.023
10.88,446.209387755102,0.0,0.022
10.881,446.209387755102,0.0,0.021
10.882,446.209387755102,0.0,0.02
10.883,446.209387755102,0.0,0.018
10.884,446.209387755102,0.0,0.017
10.885,446.209387755102,0.0,0.017
10.886,446.209387755102,0.0,0.016
10.887,446.209387755102,0.0,0.015
10.888,446.209387755102,0.0,0.015
10.889,446.209387755102,0.0,0.015
10.89,446.209387755102,0.0,0.014
10.891,446.209387755102,0.0,0.013
10.892,446.209387755102,0.0,0.013
10.893,446.209387755102,0.0,0.012
10.894,446.209387755102,0.0,0.012
10.895,446.209387755102,0.0,0.012
10.896,446.209387755102,0.0,0.011
10.897,446.209387755102,0.0,0.01
10.898,446.209387755102,0.0,0.01
10.899,446.209387755102,0.0,0.01
10.9,446.209387755102,0.0,0.01
10.901,446.209387755102,0.0,0.01
10.902,446.209387755102,0.0,0.01
10.903,446.209387755102,0.0,0.01
10.904,446.209387755102,0.0,0.009
10.905,446.209387755102,0.0,0.01
10.906,446.209387755102,0.0,0.009
10.907,446.209387755102,0.0,0.009
10.908,446.209387755102,0.0,0.009
10.909,446.209387755102,0.0,0.009
10.91,446.209387755102,0.0,0.009
10.911,446.209387755102,0.0,0.009
10.912,446.209387755102,0.0,0.009
10.913,446.209387755102,0.0,0.008
10.914,446.209387755102,0.0,0.008
10.915,446.209387755102,0.0,0.008
10.916,446.209387755102,0.0,0.008
10.917,446.209387755102,0.0,0.008
10.918,446.209387755102,0.0,0.008
10.919,446.209387755102,0.0,0.008
10.92,446.209387755102,0.0,0.008
10.921,446.209387755102,0.0,0.008
10.922,446.209387755102,0.0,0.008
10.923,446.209387755102,0.0,0.008
10.924,446.209387755102,0.0,0.008
10.925,446.209387755102,0.0,0.009
10.926,446.209387755102,0.0,0.009
10.927,446.209387755102,0.0,0.008
10.928,446.209387755102,0.0,0.008
10.929,446.209387755102,0.0,0.008
10.93,446.209387755102,0.0,0.008
10.931,446.209387755102,0.0,0.008
10.932,446.209387755102,0.0,0.009
10.933,446.209387755102,0.0,0.009
10.934,446.209387755102,0.0,0.009
10.935,446.209387755102,0.0,0.009
10.936,446.209387755102,0.0,0.01
10.937,446.209387755102,0.0,0.009
10.938,446.209387755102,0.0,0.009
10.939,446.209387755102,0.0,0.009
10.94,446.209387755102,0.0,0.009
10.941,446.209387755102,0.0,0.008
10.942,446.209387755102,0.0,0.007
10.943,446.209387755102,0.0,0.007
10.944,446.209387755102,0.0,0.007
10.945,446.209387755102,0.0,0.007
10.946,446.209387755102,0.0,0.007
10.947,446.209387755102,0.0,0.007
10.948,446.209387755102,0.0,0.006
10.949,446.209387755102,0.0,0.006
10.95,446.209387755102,0.0,0.007
10.951,446.209387755102,0.0,0.007
10.952,446.209387755102,0.0,0.007
10.953,446.209387755102,0.0,0.007
10.954,446.209387755102,0.0,0.007
10.955,446.209387755102,0.0,0.008
10.956,446.209387755102,0.0,0.008
10.957,446.209387755102,0.0,0.008
10.958,446.209387755102,0.0,0.009
10.959,446.209387755102,0.0,0.01
10.96,446.209387755102,0.0,0.011
10.961,446.209387755102,0.0,0.011
10.962,446.209387755102,0.0,0.01
10.963,446.209387755102,0.0,0.01
10.964,446.209387755102,0.0,0.01
10.965,446.209387755102,0.0,0.01
10.966,446.209387755102,0.0,0.01
10.967,446.209387755102,0.0,0.009
10.968,446.209387755102,0.0,0.009
10.969,446.209387755102,0.0,0.009
10.97,446.209387755102,0.0,0.009
10.971,446.209387755102,0.0,0.009
10.972,446.209387755102,0.0,0.008
10.973,446.209387755102,0.0,0.007
10.974,446.209387755102,0.0,0.007
10.975,446.209387755102,0.0,0.007
10.976,446.209387755102,0.0,0.006
10.977,446.209387755102,0.0,0.005
10.978,446.209387755102,0.0,0.005
10.979,668.5534974489796,0.0,0.005
10.98,668.5534974489796,0.0,0.005
10.981,668.5534974489796,0.0,0.004
10.982,668.5534974489796,0.0,0.004
10.983,668.5534974489796,0.0,0.004
10.984,668.5534974489796,0.0,0.004
10.985,668.5534974489796,0.0,0.004
10.986,668.5534974489796,0.0,0.003
10.987,668.5534974489796,0.0,0.003
10.988,668.5534974489796,0.0,0.003
10.989,668.5534974489796,0.0,0.003
10.99,668.5534974489796,0.0,0.003
10.991,668.5534974489796,0.0,0.003
10.992,668.5534974489796,0.0,0.003
10.993,668.5534974489796,0.0,0.004
10.994,668.5534974489796,0.0,0.004
10.995,668.5534974489796,0.0,0.004
10.996,668.5534974489796,0.0,0.004
10.997,668.5534974489796,0.0,0.005
10.998,668.5534974489796,0.0,0.006
10.999,668.5534974489796,0.0,0.008
11.0,668.5534974489796,0.0,0.009
11.001,668.5534974489796,0.0,0.01
11.002,668.5534974489796,0.0,0.012
11.003,668.5534974489796,0.0,0.015
11.004,668.5534974489796,0.0,0.018
11.005,668.5534974489796,0.0,0.02
11.006,668.5534974489796,0.0,0.023
11.007,668.5534974489796,0.0,0.027
11.008,668.5534974489796,0.0,0.03
11.009,668.5534974489796,0.0,0.034
11.01,668.5534974489796,0.0,0.038
11.011,668.5534974489796,0.0,0.04
11.012,668.5534974489796,0.0,0.045
11.013,668.5534974489796,0.0,0.05
11.014,668.5534974489796,0.0,0.055
11.015,668.5534974489796,0.0,0.059
11.016,668.5534974489796,0.0,0.062
11.017,668.5534974489796,0.0,0.062
11.018,668.5534974489796,0.0,0.064
11.019,668.5534974489796,0.0,0.064
11.02,668.5534974489796,0.0,0.06
11.021,668.5534974489796,0.0,0.056
11.022,668.5534974489796,0.0,0.06
11.023,668.5534974489796,0.0,0.063
11.024,668.5534974489796,0.0,0.059
11.025,668.5534974489796,0.0,0.057
11.026,668.5534974489796,0.0,0.063
11.027,668.5534974489796,0.0,0.067
11.028,668.5534974489796,0.0,0.061
11.029,668.5534974489796,0.0,0.059
11.03,668.5534974489796,0.0,0.063
11.031,668.5534974489796,0.0,0.066
11.032,668.5534974489796,0.0,0.061
11.033,668.5534974489796,0.0,0.057
11.034,668.5534974489796,0.0,0.058
11.035,668.5534974489796,0.0,0.059
11.036,668.5534974489796,0.0,0.059
11.037,668.5534974489796,0.0,0.053
11.038,668.5534974489796,0.0,0.046
11.039,668.5534974489796,0.0,0.045
11.04,668.5534974489796,0.0,0.047
11.041,668.5534974489796,0.0,0.044
11.042,668.5534974489796,0.0,0.037
11.043,668.5534974489796,0.0,0.04
11.044,668.5534974489796,0.0,0.045
11.045,668.5534974489796,0.0,0.048
11.046,668.5534974489796,0.0,0.048
11.047,668.5534974489796,0.0,0.058
11.048,668.5534974489796,0.0,0.071
11.049,668.5534974489796,0.0,0.072
11.05,668.5534974489796,0.0,0.074
11.051,668.5534974489796,0.0,0.087
11.052,668.5534974489796,0.0,0.098
11.053,668.5534974489796,0.0,0.096
11.054,668.5534974489796,0.0,0.093
11.055,668.5534974489796,0.0,0.102
11.056,668.5534974489796,0.0,0.118
11.057,668.5534974489796,0.0,0.125
11.058,668.5534974489796,0.0,0.12
11.059,668.5534974489796,0.0,0.116
11.06,668.5534974489796,0.0,0.145
11.061,668.5534974489796,0.0,0.167
11.062,668.5534974489796,0.0,0.153
11.063,668.5534974489796,0.0,0.143
11.064,668.5534974489796,0.0,0.165
11.065,668.5534974489796,0.0,0.18
11.066,668.5534974489796,0.0,0.153
11.067,668.5534974489796,0.0,0.154
11.068,668.5534974489796,0.0,0.177
11.069,668.5534974489796,0.0,0.189
11.07,668.5534974489796,0.0,0.176
11.071,668.5534974489796,0.0,0.16
11.072,668.5534974489796,0.0,0.153
11.073,668.5534974489796,0.0,0.152
11.074,668.5534974489796,0.0,0.134
11.075,668.5534974489796,0.0,0.123
11.076,668.5534974489796,0.0,0.124
11.077,668.5534974489796,0.0,0.12
11.078,668.5534974489796,0.0,0.1
11.079,668.5534974489796,0.0,0.082
11.08,668.5534974489796,0.0,0.076
11.081,668.5534974489796,0.0,0.081
11.082,668.5534974489796,0.0,0.073
11.083,668.5534974489796,0.0,0.063
11.084,668.5534974489796,0.0,0.068
11.085,668.5534974489796,0.0,0.081
11.086,668.5534974489796,0.0,0.084
11.087,668.5534974489796,0.0,0.084
11.088,668.5534974489796,0.0,0.088
11.089,668.5534974489796,0.0,0.095
11.09,668.5534974489796,0.0,0.095
11.091,668.5534974489796,0.0,0.093
11.092,668.5534974489796,0.0,0.092
11.093,668.5534974489796,0.0,0.093
11.094,668.5534974489796,0.0,0.082
11.095,668.5534974489796,0.0,0.074
11.096,668.5534974489796,0.0,0.074
11.097,668.5534974489796,0.0,0.072
11.098,668.5534974489796,0.0,0.061
11.099,668.5534974489796,0.0,0.049
11.1,668.5534974489796,0.0,0.049
11.101,668.5534974489796,0.0,0.053
11.102,668.5534974489796,0.0,0.046
11.103,668.5534974489796,0.0,0.037
11.104,668.5534974489796,0.0,0.04
11.105,668.5534974489796,0.0,0.047
11.106,668.5534974489796,0.0,0.044
11.107,668.5534974489796,0.0,0.036
11.108,668.5534974489796,0.0,0.035
11.109,668.5534974489796,0.0,0.036
11.11,668.5534974489796,0.0,0.035
11.111,668.5534974489796,0.0,0.032
11.112,668.5534974489796,0.0,0.029
11.113,668.5534974489796,0.0,0.028
11.114,668.5534974489796,0.0,0.028
11.115,668.5534974489796,0.0,0.025
11.116,668.5534974489796,0.0,0.021
11.117,562.1934052040816,0.0,0.021
11.118,562.1934052040816,0.0,0.02
11.119,562.1934052040816,0.0,0.019
11.12,562.1934052040816,0.0,0.021
11.121,562.1934052040816,0.0,0.024
11.122,562.1934052040816,0.0,0.023
11.123,562.1934052040816,0.0,0.02
11.124,562.1934052040816,0.0,0.021
11.125,562.1934052040816,0.0,0.023
11.126,562.1934052040816,0.0,0.022
11.127,562.1934052040816,0.0,0.019
11.128,562.1934052040816,0.0,0.019
11.129,562.1934052040816,0.0,0.023
11.13,562.1934052040816,0.0,0.025
11.131,562.1934052040816,0.0,0.021
11.132,562.1934052040816,0.0,0.018
11.133,562.1934052040816,0.0,0.018
11.134,562.1934052040816,0.0,0.018
11.135,562.1934052040816,0.0,0.017
11.136,562.1934052040816,0.0,0.015
11.137,562.1934052040816,0.0,0.014
11.138,562.1934052040816,0.0,0.015
11.139,562.1934052040816,0.0,0.014
11.14,562.1934052040816,0.0,0.014
11.141,562.1934052040816,0.0,0.013
11.142,562.1934052040816,0.0,0.012
11.143,562.1934052040816,0.0,0.012
11.144,562.1934052040816,0.0,0.013
11.145,562.1934052040816,0.0,0.012
11.146,562.1934052040816,0.0,0.011
11.147,562.1934052040816,0.0,0.01
11.148,562.1934052040816,0.0,0.01
11.149,562.1934052040816,0.0,0.01
11.15,562.1934052040816,0.0,0.009
11.151,562.1934052040816,0.0,0.009
11.152,562.1934052040816,0.0,0.009
11.153,562.1934052040816,0.0,0.009
11.154,562.1934052040816,0.0,0.01
11.155,562.1934052040816,0.0,0.01
11.156,562.1934052040816,0.0,0.009
11.157,562.1934052040816,0.0,0.009
11.158,562.1934052040816,0.0,0.009
11.159,562.1934052040816,0.0,0.009
11.16,562.1934052040816,0.0,0.01
11.161,562.1934052040816,0.0,0.01
11.162,562.1934052040816,0.0,0.01
11.163,562.1934052040816,0.0,0.01
11.164,562.1934052040816,0.0,0.01
11.165,562.1934052040816,0.0,0.01
11.166,562.1934052040816,0.0,0.01
11.167,562.1934052040816,0.0,0.011
11.168,562.1934052040816,0.0,0.011
11.169,562.1934052040816,0.0,0.012
11.17,562.1934052040816,0.0,0.012
11.171,562.1934052040816,0.0,0.011
11.172,562.1934052040816,0.0,0.011
11.173,562.1934052040816,0.0,0.012
11.174,562.1934052040816,0.0,0.013
11.175,562.1934052040816,0.0,0.012
11.176,562.1934052040816,0.0,0.012
11.177,562.1934052040816,0.0,0.012
11.178,562.1934052040816,0.0,0.013
11.179,562.1934052040816,0.0,0.013
11.18,562.1934052040816,0.0,0.013
11.181,562.1934052040816,0.0,0.012
11.182,562.1934052040816,0.0,0.013
11.183,562.1934052040816,0.0,0.013
11.184,562.1934052040816,0.0,0.014
11.185,562.1934052040816,0.0,0.013
11.186,562.1934052040816,0.0,0.013
11.187,562.1934052040816,0.0,0.013
11.188,562.1934052040816,0.0,0.014
11.189,562.1934052040816,0.0,0.013
11.19,562.1934052040816,0.0,0.013
11.191,562.1934052040816,0.0,0.013
11.192,562.1934052040816,0.0,0.013
11.193,562.1934052040816,0.0,0.014
11.194,562.1934052040816,0.0,0.014
11.195,562.1934052040816,0.0,0.013
11.196,562.1934052040816,0.0,0.012
11.197,562.1934052040816,0.0,0.012
11.198,562.1934052040816,0.0,0.012
11.199,562.1934052040816,0.0,0.012
11.2,562.1934052040816,0.0,0.012
11.201,562.1934052040816,0.0,0.011
11.202,562.1934052040816,0.0,0.011
11.203,562.1934052040816,0.0,0.011
11.204,562.1934052040816,0.0,0.011
11.205,562.1934052040816,0.0,0.011
11.206,562.1934052040816,0.0,0.011
11.207,562.1934052040816,0.0,0.012
11.208,562.1934052040816,0.0,0.013
11.209,562.1934052040816,0.0,0.014
11.21,562.1934052040816,0.0,0.015
11.211,562.1934052040816,0.0,0.015
11.212,562.1934052040816,0.0,0.016
11.213,562.1934052040816,0.0,0.018
11.214,562.1934052040816,0.0,0.019
11.215,562.1934052040816,0.0,0.019
11.216,562.1934052040816,0.0,0.019
11.217,562.1934052040816,0.0,0.019
11.218,562.1934052040816,0.0,0.02
11.219,562.1934052040816,0.0,0.021
11.22,562.1934052040816,0.0,0.021
11.221,562.1934052040816,0.0,0.022
11.222,562.1934052040816,0.0,0.023
11.223,562.1934052040816,0.0,0.024
11.224,562.1934052040816,0.0,0.025
11.225,562.1934052040816,0.0,0.027
11.226,562.1934052040816,0.0,0.028
11.227,562.1934052040816,0.0,0.028
11.228,562.1934052040816,0.0,0.028
11.229,562.1934052040816,0.0,0.03
11.23,562.1934052040816,0.0,0.03
11.231,562.1934052040816,0.0,0.03
11.232,562.1934052040816,0.0,0.029
11.233,562.1934052040816,0.0,0.028
11.234,562.1934052040816,0.0,0.03
11.235,562.1934052040816,0.0,0.028
11.236,562.1934052040816,0.0,0.029
11.237,562.1934052040816,0.0,0.03
11.238,562.1934052040816,0.0,0.029
11.239,562.1934052040816,0.0,0.033
11.24,562.1934052040816,0.0,0.032
11.241,562.1934052040816,0.0,0.033
11.242,562.1934052040816,0.0,0.033
11.243,397.532,0.0,0.032
11.244,397.532,0.0,0.036
11.245,397.532,0.0,0.034
11.246,397.532,0.0,0.035
11.247,397.532,0.0,0.037
11.248,397.532,0.0,0.034
11.249,397.532,0.0,0.038
11.25,397.532,0.0,0.034
11.251,397.532,0.0,0.033
11.252,397.532,0.0,0.037
11.253,397.532,0.0,0.036
11.254,397.532,0.0,0.043
11.255,397.532,0.0,0.041
11.256,397.532,0.0,0.04
11.257,397.532,0.0,0.043
11.258,397.532,0.0,0.038
11.259,397.532,0.0,0.039
11.26,397.532,0.0,0.035
11.261,397.532,0.0,0.031
11.262,397.532,0.0,0.032
11.263,397.532,0.0,0.027
11.264,397.532,0.0,0.025
11.265,397.532,0.0,0.022
11.266,397.532,0.0,0.018
11.267,397.532,0.0,0.017
11.268,397.532,0.0,0.016
11.269,397.532,0.0,0.013
11.27,397.532,0.0,0.013
11.271,397.532,0.0,0.01
11.272,397.532,0.0,0.009
11.273,397.532,0.0,0.009
11.274,397.532,0.0,0.008
11.275,397.532,0.0,0.008
11.276,397.532,0.0,0.009
11.277,397.532,0.0,0.009
11.278,397.532,0.0,0.01
11.279,397.532,0.0,0.01
11.28,397.532,0.0,0.01
11.281,397.532,0.0,0.012
11.282,397.532,0.0,0.011
11.283,397.532,0.0,0.013
11.284,397.532,0.0,0.013
11.285,397.532,0.0,0.012
11.286,397.532,0.0,0.014
11.287,397.532,0.0,0.013
11.288,397.532,0.0,0.012
11.289,397.532,0.0,0.013
11.29,397.532,0.0,0.015
11.291,397.532,0.0,0.013
11.292,397.532,0.0,0.013
11.293,397.532,0.0,0.013
11.294,397.532,0.0,0.012
11.295,397.532,0.0,0.014
11.296,397.532,0.0,0.011
11.297,397.532,0.0,0.011
11.298,397.532,0.0,0.011
11.299,397.532,0.0,0.011
11.3,397.532,0.0,0.013
11.301,397.532,0.0,0.011
11.302,397.532,0.0,0.01
11.303,397.532,0.0,0.01
11.304,397.532,0.0,0.012
11.305,397.532,0.0,0.01
11.306,397.532,0.0,0.012
11.307,397.532,0.0,0.012
11.308,397.532,0.0,0.011
11.309,397.532,0.0,0.013
11.31,397.532,0.0,0.012
11.311,397.532,0.0,0.012
11.312,397.532,0.0,0.013
11.313,397.532,0.0,0.011
11.314,397.532,0.0,0.014
11.315,397.532,0.0,0.013
11.316,397.532,0.0,0.013
11.317,397.532,0.0,0.016
11.318,397.532,0.0,0.013
11.319,397.532,0.0,0.016
11.32,397.532,0.0,0.014
11.321,397.532,0.0,0.014
11.322,397.532,0.0,0.018
11.323,397.532,0.0,0.014
11.324,397.532,0.0,0.016
11.325,397.532,0.0,0.015
11.326,397.532,0.0,0.014
11.327,397.532,0.0,0.019
11.328,397.532,0.0,0.014
11.329,397.532,0.0,0.015
11.33,397.532,0.0,0.015
11.331,397.532,0.0,0.013
11.332,397.532,0.0,0.016
11.333,397.532,0.0,0.012
11.334,397.532,0.0,0.013
11.335,397.532,0.0,0.013
11.336,397.532,0.0,0.011
11.337,397.532,0.0,0.015
11.338,397.532,0.0,0.011
11.339,397.532,0.0,0.013
11.34,397.532,0.0,0.014
11.341,397.532,0.0,0.012
11.342,397.532,0.0,0.018
11.343,397.532,0.0,0.015
11.344,397.532,0.0,0.018
11.345,397.532,0.0,0.02
11.346,397.532,0.0,0.017
11.347,397.532,0.0,0.026
11.348,397.532,0.0,0.022
11.349,397.532,0.0,0.024
11.35,397.532,0.0,0.028
11.351,397.532,0.0,0.025
11.352,397.532,0.0,0.035
11.353,397.532,0.0,0.031
11.354,397.532,0.0,0.033
11.355,397.532,0.0,0.038
11.356,397.532,0.0,0.034
11.357,397.532,0.0,0.044
11.358,397.532,0.0,0.044
11.359,397.532,0.0,0.047
11.36,397.532,0.0,0.056
11.361,397.532,0.0,0.049
11.362,397.532,0.0,0.055
11.363,397.532,0.0,0.049
11.364,397.532,0.0,0.046
11.365,397.532,0.0,0.051
11.366,397.532,0.0,0.043
11.367,397.532,0.0,0.046
11.368,397.532,0.0,0.039
11.369,397.532,0.0,0.035
11.37,397.532,0.0,0.037
11.371,397.532,0.0,0.028
11.372,397.532,0.0,0.028
11.373,397.532,0.0,0.027
11.374,397.532,0.0,0.022
11.375,397.532,0.0,0.024
11.376,397.532,0.0,0.018
11.377,397.532,0.0,0.018
11.378,397.532,0.0,0.017
11.379,397.532,0.0,0.014
11.38,397.532,0.0,0.016
11.381,397.532,0.0,0.013
11.382,397.532,0.0,0.013
11.383,397.532,0.0,0.014
11.384,397.532,0.0,0.011
11.385,397.532,0.0,0.012
11.386,397.532,0.0,0.012
11.387,397.532,0.0,0.015
11.388,397.532,0.0,0.018
11.389,397.532,0.0,0.018
11.39,397.532,0.0,0.021
11.391,397.532,0.0,0.02
11.392,397.532,0.0,0.021
11.393,446.209387755102,0.0,0.023
11.394,446.209387755102,0.0,0.024
11.395,446.209387755102,0.0,0.025
11.396,446.209387755102,0.0,0.025
11.397,446.209387755102,0.0,0.028
11.398,446.209387755102,0.0,0.03
11.399,446.209387755102,0.0,0.03
11.4,446.209387755102,0.0,0.03
11.401,446.209387755102,0.0,0.031
11.402,446.209387755102,0.0,0.035
11.403,446.209387755102,0.0,0.038
11.404,446.209387755102,0.0,0.037
11.405,446.209387755102,0.0,0.038
11.406,446.209387755102,0.0,0.039
11.407,446.209387755102,0.0,0.04
11.408,446.209387755102,0.0,0.041
11.409,446.209387755102,0.0,0.037
11.41,446.209387755102,0.0,0.036
11.411,446.209387755102,0.0,0.034
11.412,446.209387755102,0.0,0.031
11.413,446.209387755102,0.0,0.029
11.414,446.209387755102,0.0,0.024
11.415,446.209387755102,0.0,0.021
11.416,446.209387755102,0.0,0.022
11.417,446.209387755102,0.0,0.023
11.418,446.209387755102,0.0,0.025
11.419,446.209387755102,0.0,0.025
11.42,446.209387755102,0.0,0.026
11.421,446.209387755102,0.0,0.025
11.422,446.209387755102,0.0,0.026
11.423,446.209387755102,0.0,0.026
11.424,446.209387755102,0.0,0.027
11.425,446.209387755102,0.0,0.029
11.426,446.209387755102,0.0,0.03
11.427,446.209387755102,0.0,0.032
11.428,446.209387755102,0.0,0.031
11.429,446.209387755102,0.0,0.032
11.43,446.209387755102,0.0,0.033
11.431,446.209387755102,0.0,0.034
11.432,446.209387755102,0.0,0.035
11.433,446.209387755102,0.0,0.036
11.434,446.209387755102,0.0,0.035
11.435,446.209387755102,0.0,0.035
11.436,446.209387755102,0.0,0.035
11.437,446.209387755102,0.0,0.034
11.438,446.209387755102,0.0,0.035
11.439,446.209387755102,0.0,0.034
11.44,446.209387755102,0.0,0.036
11.441,446.209387755102,0.0,0.038
11.442,446.209387755102,0.0,0.039
11.443,446.209387755102,0.0,0.04
11.444,446.209387755102,0.0,0.042
11.445,446.209387755102,0.0,0.044
11.446,446.209387755102,0.0,0.046
11.447,446.209387755102,0.0,0.049
11.448,446.209387755102,0.0,0.052
11.449,446.209387755102,0.0,0.059
11.45,446.209387755102,0.0,0.064
11.451,446.209387755102,0.0,0.07
11.452,446.209387755102,0.0,0.074
11.453,446.209387755102,0.0,0.078
11.454,446.209387755102,0.0,0.083
11.455,446.209387755102,0.0,0.086
11.456,446.209387755102,0.0,0.094
11.457,446.209387755102,0.0,0.099
11.458,446.209387755102,0.0,0.105
11.459,446.209387755102,0.0,0.111
11.46,446.209387755102,0.0,0.116
11.461,446.209387755102,0.0,0.119
11.462,446.209387755102,0.0,0.12
11.463,446.209387755102,0.0,0.123
11.464,446.209387755102,0.0,0.127
11.465,446.209387755102,0.0,0.134
11.466,446.209387755102,0.0,0.137
11.467,446.209387755102,0.0,0.14
11.468,446.209387755102,0.0,0.139
11.469,446.209387755102,0.0,0.138
11.47,446.209387755102,0.0,0.134
11.471,446.209387755102,0.0,0.124
11.472,446.209387755102,0.0,0.118
11.473,446.209387755102,0.0,0.113
11.474,446.209387755102,0.0,0.112
11.475,446.209387755102,0.0,0.105
11.476,446.209387755102,0.0,0.101
11.477,446.209387755102,0.0,0.094
11.478,446.209387755102,0.0,0.09
11.479,446.209387755102,0.0,0.085
11.48,446.209387755102,0.0,0.079
11.481,446.209387755102,0.0,0.076
11.482,446.209387755102,0.0,0.068
11.483,446.209387755102,0.0,0.066
11.484,446.209387755102,0.0,0.062
11.485,446.209387755102,0.0,0.06
11.486,446.209387755102,0.0,0.058
11.487,446.209387755102,0.0,0.055
11.488,446.209387755102,0.0,0.054
11.489,446.209387755102,0.0,0.05
11.49,446.209387755102,0.0,0.048
11.491,446.209387755102,0.0,0.045
11.492,446.209387755102,0.0,0.042
11.493,446.209387755102,0.0,0.04
11.494,446.209387755102,0.0,0.036
11.495,446.209387755102,0.0,0.035
11.496,446.209387755102,0.0,0.034
11.497,446.209387755102,0.0,0.034
11.498,446.209387755102,0.0,0.033
11.499,446.209387755102,0.0,0.032
11.5,446.209387755102,0.0,0.03
11.501,446.209387755102,0.0,0.028
11.502,446.209387755102,0.0,0.026
11.503,446.209387755102,0.0,0.023
11.504,446.209387755102,0.0,0.022
11.505,446.209387755102,0.0,0.021
11.506,446.209387755102,0.0,0.02
11.507,446.209387755102,0.0,0.021
11.508,446.209387755102,0.0,0.021
11.509,446.209387755102,0.0,0.02
11.51,446.209387755102,0.0,0.021
11.511,446.209387755102,0.0,0.021
11.512,446.209387755102,0.0,0.02
11.513,446.209387755102,0.0,0.02
11.514,446.209387755102,0.0,0.019
11.515,446.209387755102,0.0,0.019
11.516,446.209387755102,0.0,0.018
11.517,446.209387755102,0.0,0.019
11.518,446.209387755102,0.0,0.02
11.519,446.209387755102,0.0,0.019
11.52,446.209387755102,0.0,0.019
11.521,446.209387755102,0.0,0.021
11.522,446.209387755102,0.0,0.021
11.523,446.209387755102,0.0,0.021
11.524,446.209387755102,0.0,0.021
11.525,446.209387755102,0.0,0.022
11.526,446.209387755102,0.0,0.021
11.527,446.209387755102,0.0,0.022
11.528,446.209387755102,0.0,0.022
11.529,446.209387755102,0.0,0.02
11.53,446.209387755102,0.0,0.02
11.531,446.209387755102,0.0,0.021
11.532,446.209387755102,0.0,0.02
11.533,446.209387755102,0.0,0.018
11.534,446.209387755102,0.0,0.018
11.535,446.209387755102,0.0,0.018
11.536,354.15841928571433,0.0,0.017
11.537,354.15841928571433,0.0,0.016
11.538,354.15841928571433,0.0,0.016
11.539,354.15841928571433,0.0,0.015
11.54,354.15841928571433,0.0,0.016
11.541,354.15841928571433,0.0,0.017
11.542,354.15841928571433,0.0,0.017
11.543,354.15841928571433,0.0,0.017
11.544,354.15841928571433,0.0,0.018
11.545,354.15841928571433,0.0,0.02
11.546,354.15841928571433,0.0,0.021
11.547,354.15841928571433,0.0,0.023
11.548,354.15841928571433,0.0,0.024
11.549,354.15841928571433,0.0,0.025
11.55,354.15841928571433,0.0,0.027
11.551,354.15841928571433,0.0,0.03
11.552,354.15841928571433,0.0,0.029
11.553,354.15841928571433,0.0,0.031
11.554,354.15841928571433,0.0,0.035
11.555,354.15841928571433,0.0,0.038
11.556,354.15841928571433,0.0,0.039
11.557,354.15841928571433,0.0,0.04
11.558,354.15841928571433,0.0,0.041
11.559,354.15841928571433,0.0,0.042
11.56,354.15841928571433,0.0,0.041
11.561,354.15841928571433,0.0,0.04
11.562,354.15841928571433,0.0,0.038
11.563,354.15841928571433,0.0,0.037
11.564,354.15841928571433,0.0,0.037
11.565,354.15841928571433,0.0,0.036
11.566,354.15841928571433,0.0,0.033
11.567,354.15841928571433,0.0,0.031
11.568,354.15841928571433,0.0,0.031
11.569,354.15841928571433,0.0,0.031
11.57,354.15841928571433,0.0,0.029
11.571,354.15841928571433,0.0,0.028
11.572,354.15841928571433,0.0,0.027
11.573,354.15841928571433,0.0,0.028
11.574,354.15841928571433,0.0,0.028
11.575,354.15841928571433,0.0,0.026
11.576,354.15841928571433,0.0,0.024
11.577,354.15841928571433,0.0,0.023
11.578,354.15841928571433,0.0,0.024
11.579,354.15841928571433,0.0,0.022
11.58,354.15841928571433,0.0,0.019
11.581,354.15841928571433,0.0,0.019
11.582,354.15841928571433,0.0,0.018
11.583,354.15841928571433,0.0,0.016
11.584,354.15841928571433,0.0,0.016
11.585,354.15841928571433,0.0,0.015
11.586,354.15841928571433,0.0,0.015
11.587,354.15841928571433,0.0,0.014
11.588,354.15841928571433,0.0,0.014
11.589,354.15841928571433,0.0,0.015
11.59,354.15841928571433,0.0,0.014
11.591,354.15841928571433,0.0,0.013
11.592,354.15841928571433,0.0,0.013
11.593,354.15841928571433,0.0,0.014
11.594,354.15841928571433,0.0,0.013
11.595,354.15841928571433,0.0,0.013
11.596,354.15841928571433,0.0,0.013
11.597,354.15841928571433,0.0,0.013
11.598,354.15841928571433,0.0,0.013
11.599,354.15841928571433,0.0,0.012
11.6,354.15841928571433,0.0,0.011
11.601,354.15841928571433,0.0,0.011
11.602,354.15841928571433,0.0,0.011
11.603,354.15841928571433,0.0,0.011
11.604,354.15841928571433,0.0,0.011
11.605,354.15841928571433,0.0,0.012
11.606,354.15841928571433,0.0,0.012
11.607,354.15841928571433,0.0,0.013
11.608,354.15841928571433,0.0,0.014
11.609,354.15841928571433,0.0,0.016
11.61,354.15841928571433,0.0,0.016
11.611,354.15841928571433,0.0,0.016
11.612,354.15841928571433,0.0,0.017
11.613,354.15841928571433,0.0,0.019
11.614,354.15841928571433,0.0,0.018
11.615,354.15841928571433,0.0,0.02
11.616,354.15841928571433,0.0,0.022
11.617,354.15841928571433,0.0,0.022
11.618,354.15841928571433,0.0,0.023
11.619,354.15841928571433,0.0,0.026
11.62,354.15841928571433,0.0,0.027
11.621,354.15841928571433,0.0,0.028
11.622,354.15841928571433,0.0,0.028
11.623,354.15841928571433,0.0,0.031
11.624,354.15841928571433,0.0,0.032
11.625,354.15841928571433,0.0,0.031
11.626,354.15841928571433,0.0,0.032
11.627,354.15841928571433,0.0,0.034
11.628,354.15841928571433,0.0,0.034
11.629,354.15841928571433,0.0,0.033
11.63,354.15841928571433,0.0,0.032
11.631,354.15841928571433,0.0,0.032
11.632,354.15841928571433,0.0,0.03
11.633,354.15841928571433,0.0,0.028
11.634,354.15841928571433,0.0,0.026
11.635,354.15841928571433,0.0,0.025
11.636,354.15841928571433,0.0,0.024
11.637,354.15841928571433,0.0,0.026
11.638,354.15841928571433,0.0,0.025
11.639,354.15841928571433,0.0,0.026
11.64,354.15841928571433,0.0,0.027
11.641,354.15841928571433,0.0,0.028
11.642,354.15841928571433,0.0,0.028
11.643,354.15841928571433,0.0,0.027
11.644,354.15841928571433,0.0,0.028
11.645,354.15841928571433,0.0,0.031
11.646,354.15841928571433,0.0,0.032
11.647,354.15841928571433,0.0,0.034
11.648,354.15841928571433,0.0,0.037
11.649,354.15841928571433,0.0,0.041
11.65,354.15841928571433,0.0,0.046
11.651,354.15841928571433,0.0,0.053
11.652,354.15841928571433,0.0,0.054
11.653,354.15841928571433,0.0,0.059
11.654,354.15841928571433,0.0,0.068
11.655,354.15841928571433,0.0,0.073
11.656,354.15841928571433,0.0,0.081
11.657,354.15841928571433,0.0,0.094
11.658,354.15841928571433,0.0,0.109
11.659,354.15841928571433,0.0,0.12
11.66,354.15841928571433,0.0,0.124
11.661,354.15841928571433,0.0,0.134
11.662,354.15841928571433,0.0,0.152
11.663,354.15841928571433,0.0,0.157
11.664,354.15841928571433,0.0,0.155
11.665,354.15841928571433,0.0,0.165
11.666,354.15841928571433,0.0,0.178
11.667,354.15841928571433,0.0,0.182
11.668,354.15841928571433,0.0,0.172
11.669,354.15841928571433,0.0,0.164
11.67,354.15841928571433,0.0,0.175
11.671,354.15841928571433,0.0,0.172
11.672,354.15841928571433,0.0,0.147
11.673,354.15841928571433,0.0,0.144
11.674,354.15841928571433,0.0,0.151
11.675,354.15841928571433,0.0,0.144
11.676,354.15841928571433,0.0,0.139
11.677,354.15841928571433,0.0,0.142
11.678,354.15841928571433,0.0,0.147
11.679,354.15841928571433,0.0,0.15
11.68,354.15841928571433,0.0,0.144
11.681,354.15841928571433,0.0,0.14
11.682,354.15841928571433,0.0,0.143
11.683,354.15841928571433,0.0,0.14
11.684,354.15841928571433,0.0,0.13
11.685,354.15841928571433,0.0,0.135
11.686,354.15841928571433,0.0,0.145
11.687,354.15841928571433,0.0,0.139
11.688,354.15841928571433,0.0,0.13
11.689,354.15841928571433,0.0,0.128
11.69,354.15841928571433,0.0,0.132
11.691,354.15841928571433,0.0,0.133
11.692,354.15841928571433,0.0,0.128
11.693,354.15841928571433,0.0,0.127
11.694,354.15841928571433,0.0,0.136
11.695,354.15841928571433,0.0,0.143
11.696,354.15841928571433,0.0,0.143
11.697,354.15841928571433,0.0,0.145
11.698,354.15841928571433,0.0,0.151
11.699,354.15841928571433,0.0,0.163
11.7,354.15841928571433,0.0,0.174
11.701,354.15841928571433,0.0,0.181
11.702,354.15841928571433,0.0,0.196
11.703,354.15841928571433,0.0,0.208
11.704,354.15841928571433,0.0,0.216
11.705,354.15841928571433,0.0,0.233
11.706,354.15841928571433,0.0,0.235
11.707,354.15841928571433,0.0,0.236
11.708,354.15841928571433,0.0,0.251
11.709,354.15841928571433,0.0,0.255
11.71,354.15841928571433,0.0,0.248
11.711,354.15841928571433,0.0,0.24
11.712,354.15841928571433,0.0,0.223
11.713,354.15841928571433,0.0,0.21
11.714,354.15841928571433,0.0,0.21
11.715,354.15841928571433,0.0,0.191
11.716,354.15841928571433,0.0,0.174
11.717,354.15841928571433,0.0,0.164
11.718,354.15841928571433,0.0,0.148
11.719,595.6185447959184,0.0,0.135
11.72,595.6185447959184,0.0,0.121
11.721,595.6185447959184,0.0,0.106
11.722,595.6185447959184,0.0,0.1
11.723,595.6185447959184,0.0,0.089
11.724,595.6185447959184,0.0,0.075
11.725,595.6185447959184,0.0,0.066
11.726,595.6185447959184,0.0,0.06
11.727,595.6185447959184,0.0,0.056
11.728,595.6185447959184,0.0,0.056
11.729,595.6185447959184,0.0,0.055
11.73,595.6185447959184,0.0,0.05
11.731,595.6185447959184,0.0,0.051
11.732,595.6185447959184,0.0,0.056
11.733,595.6185447959184,0.0,0.058
11.734,595.6185447959184,0.0,0.062
11.735,595.6185447959184,0.0,0.059
11.736,595.6185447959184,0.0,0.063
11.737,595.6185447959184,0.0,0.074
11.738,595.6185447959184,0.0,0.071
11.739,595.6185447959184,0.0,0.069
11.74,595.6185447959184,0.0,0.073
11.741,595.6185447959184,0.0,0.077
11.742,595.6185447959184,0.0,0.08
11.743,595.6185447959184,0.0,0.078
11.744,595.6185447959184,0.0,0.073
11.745,595.6185447959184,0.0,0.069
11.746,595.6185447959184,0.0,0.072
11.747,595.6185447959184,0.0,0.069
11.748,595.6185447959184,0.0,0.066
11.749,595.6185447959184,0.0,0.066
11.75,595.6185447959184,0.0,0.061
11.751,595.6185447959184,0.0,0.062
11.752,595.6185447959184,0.0,0.061
11.753,595.6185447959184,0.0,0.058
11.754,595.6185447959184,0.0,0.061
11.755,595.6185447959184,0.0,0.062
11.756,595.6185447959184,0.0,0.064
11.757,595.6185447959184,0.0,0.07
11.758,595.6185447959184,0.0,0.07
11.759,595.6185447959184,0.0,0.069
11.76,595.6185447959184,0.0,0.07
11.761,595.6185447959184,0.0,0.075
11.762,595.6185447959184,0.0,0.072
11.763,595.6185447959184,0.0,0.072
11.764,595.6185447959184,0.0,0.073
11.765,595.6185447959184,0.0,0.073
11.766,595.6185447959184,0.0,0.079
11.767,595.6185447959184,0.0,0.077
11.768,595.6185447959184,0.0,0.079
11.769,595.6185447959184,0.0,0.081
11.77,595.6185447959184,0.0,0.08
11.771,595.6185447959184,0.0,0.086
11.772,595.6185447959184,0.0,0.087
11.773,595.6185447959184,0.0,0.087
11.774,595.6185447959184,0.0,0.089
11.775,595.6185447959184,0.0,0.089
11.776,595.6185447959184,0.0,0.093
11.777,595.6185447959184,0.0,0.095
11.778,595.6185447959184,0.0,0.094
11.779,595.6185447959184,0.0,0.088
11.78,595.6185447959184,0.0,0.088
11.781,595.6185447959184,0.0,0.093
11.782,595.6185447959184,0.0,0.088
11.783,595.6185447959184,0.0,0.085
11.784,595.6185447959184,0.0,0.08
11.785,595.6185447959184,0.0,0.075
11.786,595.6185447959184,0.0,0.074
11.787,595.6185447959184,0.0,0.069
11.788,595.6185447959184,0.0,0.067
11.789,595.6185447959184,0.0,0.064
11.79,595.6185447959184,0.0,0.061
11.791,595.6185447959184,0.0,0.058
11.792,595.6185447959184,0.0,0.054
11.793,595.6185447959184,0.0,0.055
11.794,595.6185447959184,0.0,0.056
11.795,595.6185447959184,0.0,0.058
11.796,595.6185447959184,0.0,0.058
11.797,595.6185447959184,0.0,0.058
11.798,595.6185447959184,0.0,0.063
11.799,595.6185447959184,0.0,0.064
11.8,595.6185447959184,0.0,0.063
11.801,595.6185447959184,0.0,0.062
11.802,595.6185447959184,0.0,0.064
11.803,595.6185447959184,0.0,0.07
11.804,595.6185447959184,0.0,0.074
11.805,595.6185447959184,0.0,0.075
11.806,595.6185447959184,0.0,0.076
11.807,595.6185447959184,0.0,0.079
11.808,595.6185447959184,0.0,0.08
11.809,595.6185447959184,0.0,0.082
11.81,595.6185447959184,0.0,0.086
11.811,595.6185447959184,0.0,0.089
11.812,595.6185447959184,0.0,0.093
11.813,595.6185447959184,0.0,0.095
11.814,595.6185447959184,0.0,0.103
11.815,595.6185447959184,0.0,0.109
11.816,595.6185447959184,0.0,0.104
11.817,595.6185447959184,0.0,0.104
11.818,595.6185447959184,0.0,0.111
11.819,595.6185447959184,0.0,0.121
11.82,595.6185447959184,0.0,0.118
11.821,595.6185447959184,0.0,0.114
11.822,595.6185447959184,0.0,0.122
11.823,595.6185447959184,0.0,0.129
11.824,595.6185447959184,0.0,0.137
11.825,595.6185447959184,0.0,0.131
11.826,595.6185447959184,0.0,0.12
11.827,595.6185447959184,0.0,0.119
11.828,595.6185447959184,0.0,0.115
11.829,595.6185447959184,0.0,0.112
11.83,595.6185447959184,0.0,0.104
11.831,595.6185447959184,0.0,0.096
11.832,595.6185447959184,0.0,0.094
11.833,595.6185447959184,0.0,0.082
11.834,595.6185447959184,0.0,0.074
11.835,595.6185447959184,0.0,0.07
11.836,595.6185447959184,0.0,0.063
11.837,595.6185447959184,0.0,0.057
11.838,595.6185447959184,0.0,0.05
11.839,595.6185447959184,0.0,0.051
11.84,595.6185447959184,0.0,0.05
11.841,595.6185447959184,0.0,0.043
11.842,595.6185447959184,0.0,0.04
11.843,595.6185447959184,0.0,0.04
11.844,595.6185447959184,0.0,0.044
11.845,595.6185447959184,0.0,0.043
11.846,595.6185447959184,0.0,0.04
11.847,595.6185447959184,0.0,0.04
11.848,595.6185447959184,0.0,0.043
11.849,595.6185447959184,0.0,0.047
11.85,595.6185447959184,0.0,0.045
11.851,595.6185447959184,0.0,0.041
11.852,595.6185447959184,0.0,0.042
11.853,595.6185447959184,0.0,0.043
11.854,595.6185447959184,0.0,0.044
11.855,595.6185447959184,0.0,0.042
11.856,595.6185447959184,0.0,0.042
11.857,595.6185447959184,0.0,0.041
11.858,595.6185447959184,0.0,0.042
11.859,595.6185447959184,0.0,0.043
11.86,595.6185447959184,0.0,0.044
11.861,595.6185447959184,0.0,0.043
11.862,595.6185447959184,0.0,0.039
11.863,421.16081530612246,0.0,0.038
11.864,421.16081530612246,0.0,0.039
11.865,421.16081530612246,0.0,0.04
11.866,421.16081530612246,0.0,0.039
11.867,421.16081530612246,0.0,0.036
11.868,421.16081530612246,0.0,0.034
11.869,421.16081530612246,0.0,0.034
11.87,421.16081530612246,0.0,0.032
11.871,421.16081530612246,0.0,0.029
11.872,421.16081530612246,0.0,0.027
11.873,421.16081530612246,0.0,0.027
11.874,421.16081530612246,0.0,0.026
11.875,421.16081530612246,0.0,0.025
11.876,421.16081530612246,0.0,0.024
11.877,421.16081530612246,0.0,0.025
11.878,421.16081530612246,0.0,0.027
11.879,421.16081530612246,0.0,0.028
11.88,421.16081530612246,0.0,0.03
11.881,421.16081530612246,0.0,0.032
11.882,421.16081530612246,0.0,0.035
11.883,421.16081530612246,0.0,0.036
11.884,421.16081530612246,0.0,0.037
11.885,421.16081530612246,0.0,0.039
11.886,421.16081530612246,0.0,0.042
11.887,421.16081530612246,0.0,0.046
11.888,421.16081530612246,0.0,0.047
11.889,421.16081530612246,0.0,0.048
11.89,421.16081530612246,0.0,0.051
11.891,421.16081530612246,0.0,0.051
11.892,421.16081530612246,0.0,0.051
11.893,421.16081530612246,0.0,0.05
11.894,421.16081530612246,0.0,0.052
11.895,421.16081530612246,0.0,0.051
11.896,421.16081530612246,0.0,0.048
11.897,421.16081530612246,0.0,0.046
11.898,421.16081530612246,0.0,0.044
11.899,421.16081530612246,0.0,0.043
11.9,421.16081530612246,0.0,0.041
11.901,421.16081530612246,0.0,0.038
11.902,421.16081530612246,0.0,0.035
11.903,421.16081530612246,0.0,0.034
11.904,421.16081530612246,0.0,0.033
11.905,421.16081530612246,0.0,0.029
11.906,421.16081530612246,0.0,0.028
11.907,421.16081530612246,0.0,0.028
11.908,421.16081530612246,0.0,0.027
11.909,421.16081530612246,0.0,0.026
11.91,421.16081530612246,0.0,0.026
11.911,421.16081530612246,0.0,0.028
11.912,421.16081530612246,0.0,0.029
11.913,421.16081530612246,0.0,0.03
11.914,421.16081530612246,0.0,0.034
11.915,421.16081530612246,0.0,0.038
11.916,421.16081530612246,0.0,0.043
11.917,421.16081530612246,0.0,0.046
11.918,421.16081530612246,0.0,0.051
11.919,421.16081530612246,0.0,0.059
11.92,421.16081530612246,0.0,0.066
11.921,421.16081530612246,0.0,0.07
11.922,421.16081530612246,0.0,0.071
11.923,421.16081530612246,0.0,0.076
11.924,421.16081530612246,0.0,0.085
11.925,421.16081530612246,0.0,0.089
11.926,421.16081530612246,0.0,0.089
11.927,421.16081530612246,0.0,0.091
11.928,421.16081530612246,0.0,0.098
11.929,421.16081530612246,0.0,0.099
11.93,421.16081530612246,0.0,0.098
11.931,421.16081530612246,0.0,0.1
11.932,421.16081530612246,0.0,0.103
11.933,421.16081530612246,0.0,0.103
11.934,421.16081530612246,0.0,0.1
11.935,421.16081530612246,0.0,0.1
11.936,421.16081530612246,0.0,0.101
11.937,421.16081530612246,0.0,0.094
11.938,421.16081530612246,0.0,0.088
11.939,421.16081530612246,0.0,0.085
11.94,421.16081530612246,0.0,0.087
11.941,421.16081530612246,0.0,0.086
11.942,421.16081530612246,0.0,0.077
11.943,421.16081530612246,0.0,0.07
11.944,421.16081530612246,0.0,0.068
11.945,421.16081530612246,0.0,0.069
11.946,421.16081530612246,0.0,0.066
11.947,421.16081530612246,0.0,0.061
11.948,421.16081530612246,0.0,0.059
11.949,421.16081530612246,0.0,0.058
11.95,421.16081530612246,0.0,0.057
11.951,421.16081530612246,0.0,0.055
11.952,421.16081530612246,0.0,0.054
11.953,421.16081530612246,0.0,0.054
11.954,421.16081530612246,0.0,0.054
11.955,421.16081530612246,0.0,0.054
11.956,421.16081530612246,0.0,0.056
11.957,421.16081530612246,0.0,0.056
11.958,421.16081530612246,0.0,0.055
11.959,421.16081530612246,0.0,0.054
11.96,421.16081530612246,0.0,0.055
11.961,421.16081530612246,0.0,0.055
11.962,421.16081530612246,0.0,0.052
11.963,421.16081530612246,0.0,0.048
11.964,421.16081530612246,0.0,0.048
11.965,421.16081530612246,0.0,0.049
11.966,421.16081530612246,0.0,0.046
11.967,421.16081530612246,0.0,0.042
11.968,421.16081530612246,0.0,0.039
11.969,421.16081530612246,0.0,0.038
11.97,421.16081530612246,0.0,0.039
11.971,421.16081530612246,0.0,0.036
11.972,421.16081530612246,0.0,0.033
11.973,421.16081530612246,0.0,0.031
11.974,421.16081530612246,0.0,0.031
11.975,421.16081530612246,0.0,0.03
11.976,421.16081530612246,0.0,0.029
11.977,421.16081530612246,0.0,0.03
11.978,421.16081530612246,0.0,0.03
11.979,421.16081530612246,0.0,0.03
11.98,421.16081530612246,0.0,0.029
11.981,421.16081530612246,0.0,0.03
11.982,421.16081530612246,0.0,0.033
11.983,421.16081530612246,0.0,0.032
11.984,421.16081530612246,0.0,0.031
11.985,421.16081530612246,0.0,0.032
11.986,421.16081530612246,0.0,0.036
11.987,421.16081530612246,0.0,0.036
11.988,421.16081530612246,0.0,0.034
11.989,421.16081530612246,0.0,0.036
11.99,421.16081530612246,0.0,0.039
11.991,421.16081530612246,0.0,0.04
11.992,421.16081530612246,0.0,0.039
11.993,421.16081530612246,0.0,0.039
11.994,421.16081530612246,0.0,0.042
11.995,421.16081530612246,0.0,0.043
11.996,421.16081530612246,0.0,0.042
11.997,421.16081530612246,0.0,0.042
11.998,421.16081530612246,0.0,0.044
11.999,421.16081530612246,0.0,0.043
12.0,421.16081530612246,0.0,0.039
12.001,421.16081530612246,0.0,0.037
12.002,421.16081530612246,0.0,0.038
12.003,421.16081530612246,0.0,0.035
12.004,421.16081530612246,0.0,0.031
12.005,421.16081530612246,0.0,0.029
12.006,421.16081530612246,0.0,0.029
12.007,421.16081530612246,0.0,0.027
12.008,446.209387755102,0.0,0.023
12.009,446.209387755102,0.0,0.021
12.01,446.209387755102,0.0,0.02
12.011,446.209387755102,0.0,0.018
12.012,446.209387755102,0.0,0.016
12.013,446.209387755102,0.0,0.015
12.014,446.209387755102,0.0,0.013
12.015,446.209387755102,0.0,0.013
12.016,446.209387755102,0.0,0.013
12.017,446.209387755102,0.0,0.012
12.018,446.209387755102,0.0,0.012
12.019,446.209387755102,0.0,0.012
12.02,446.209387755102,0.0,0.012
12.021,446.209387755102,0.0,0.012
12.022,446.209387755102,0.0,0.012
12.023,446.209387755102,0.0,0.013
12.024,446.209387755102,0.0,0.013
12.025,446.209387755102,0.0,0.014
12.026,446.209387755102,0.0,0.014
12.027,446.209387755102,0.0,0.015
12.028,446.209387755102,0.0,0.016
12.029,446.209387755102,0.0,0.017
12.03,446.209387755102,0.0,0.018
12.031,446.209387755102,0.0,0.018
12.032,446.209387755102,0.0,0.019
12.033,446.209387755102,0.0,0.019
12.034,446.209387755102,0.0,0.019
12.035,446.209387755102,0.0,0.02
12.036,446.209387755102,0.0,0.021
12.037,446.209387755102,0.0,0.021
12.038,446.209387755102,0.0,0.021
12.039,446.209387755102,0.0,0.022
12.04,446.209387755102,0.0,0.023
12.041,446.209387755102,0.0,0.022
12.042,446.209387755102,0.0,0.024
12.043,446.209387755102,0.0,0.025
12.044,446.209387755102,0.0,0.025
12.045,446.209387755102,0.0,0.026
12.046,446.209387755102,0.0,0.028
12.047,446.209387755102,0.0,0.029
12.048,446.209387755102,0.0,0.03
12.049,446.209387755102,0.0,0.031
12.05,446.209387755102,0.0,0.032
12.051,446.209387755102,0.0,0.033
12.052,446.209387755102,0.0,0.033
12.053,446.209387755102,0.0,0.035
12.054,446.209387755102,0.0,0.037
12.055,446.209387755102,0.0,0.038
12.056,446.209387755102,0.0,0.04
12.057,446.209387755102,0.0,0.042
12.058,446.209387755102,0.0,0.044
12.059,446.209387755102,0.0,0.044
12.06,446.209387755102,0.0,0.046
12.061,446.209387755102,0.0,0.049
12.062,446.209387755102,0.0,0.051
12.063,446.209387755102,0.0,0.054
12.064,446.209387755102,0.0,0.057
12.065,446.209387755102,0.0,0.06
12.066,446.209387755102,0.0,0.061
12.067,446.209387755102,0.0,0.063
12.068,446.209387755102,0.0,0.066
12.069,446.209387755102,0.0,0.071
12.07,446.209387755102,0.0,0.071
12.071,446.209387755102,0.0,0.072
12.072,446.209387755102,0.0,0.075
12.073,446.209387755102,0.0,0.075
12.074,446.209387755102,0.0,0.077
12.075,446.209387755102,0.0,0.077
12.076,446.209387755102,0.0,0.079
12.077,446.209387755102,0.0,0.081
12.078,446.209387755102,0.0,0.086
12.079,446.209387755102,0.0,0.085
12.08,446.209387755102,0.0,0.086
12.081,446.209387755102,0.0,0.089
12.082,446.209387755102,0.0,0.089
12.083,446.209387755102,0.0,0.09
12.084,446.209387755102,0.0,0.091
12.085,446.209387755102,0.0,0.092
12.086,446.209387755102,0.0,0.093
12.087,446.209387755102,0.0,0.095
12.088,446.209387755102,0.0,0.093
12.089,446.209387755102,0.0,0.094
12.09,446.209387755102,0.0,0.094
12.091,446.209387755102,0.0,0.097
12.092,446.209387755102,0.0,0.098
12.093,446.209387755102,0.0,0.099
12.094,446.209387755102,0.0,0.104
12.095,446.209387755102,0.0,0.102
12.096,446.209387755102,0.0,0.105
12.097,446.209387755102,0.0,0.104
12.098,446.209387755102,0.0,0.103
12.099,446.209387755102,0.0,0.098
12.1,446.209387755102,0.0,0.092
12.101,446.209387755102,0.0,0.087
12.102,446.209387755102,0.0,0.078
12.103,446.209387755102,0.0,0.072
12.104,446.209387755102,0.0,0.066
12.105,446.209387755102,0.0,0.059
12.106,446.209387755102,0.0,0.052
12.107,446.209387755102,0.0,0.048
12.108,446.209387755102,0.0,0.042
12.109,446.209387755102,0.0,0.036
12.11,446.209387755102,0.0,0.031
12.111,446.209387755102,0.0,0.028
12.112,446.209387755102,0.0,0.027
12.113,446.209387755102,0.0,0.026
12.114,446.209387755102,0.0,0.024
12.115,446.209387755102,0.0,0.023
12.116,446.209387755102,0.0,0.021
12.117,446.209387755102,0.0,0.02
12.118,446.209387755102,0.0,0.019
12.119,446.209387755102,0.0,0.018
12.12,446.209387755102,0.0,0.018
12.121,446.209387755102,0.0,0.018
12.122,446.209387755102,0.0,0.017
12.123,446.209387755102,0.0,0.016
12.124,446.209387755102,0.0,0.015
12.125,446.209387755102,0.0,0.016
12.126,446.209387755102,0.0,0.016
12.127,446.209387755102,0.0,0.016
12.128,446.209387755102,0.0,0.017
12.129,446.209387755102,0.0,0.017
12.13,446.209387755102,0.0,0.018
12.131,446.209387755102,0.0,0.019
12.132,446.209387755102,0.0,0.018
12.133,446.209387755102,0.0,0.018
12.134,446.209387755102,0.0,0.017
12.135,446.209387755102,0.0,0.017
12.136,446.209387755102,0.0,0.018
12.137,446.209387755102,0.0,0.018
12.138,446.209387755102,0.0,0.019
12.139,446.209387755102,0.0,0.02
12.14,446.209387755102,0.0,0.021
12.141,446.209387755102,0.0,0.021
12.142,446.209387755102,0.0,0.021
12.143,446.209387755102,0.0,0.023
12.144,446.209387755102,0.0,0.026
12.145,446.209387755102,0.0,0.03
12.146,446.209387755102,0.0,0.031
12.147,446.209387755102,0.0,0.031
12.148,446.209387755102,0.0,0.031
12.149,446.209387755102,0.0,0.03
12.15,446.209387755102,0.0,0.027
12.151,446.209387755102,0.0,0.024
12.152,446.209387755102,0.0,0.022
12.153,446.209387755102,0.0,0.02
12.154,446.209387755102,0.0,0.019
12.155,446.209387755102,0.0,0.018
12.156,446.209387755102,0.0,0.016
12.157,446.209387755102,0.0,0.015
12.158,446.209387755102,0.0,0.015
12.159,446.209387755102,0.0,0.015
12.16,446.209387755102,0.0,0.015
12.161,446.209387755102,0.0,0.015
12.162,446.209387755102,0.0,0.014
12.163,446.209387755102,0.0,0.014
12.164,446.209387755102,0.0,0.013
12.165,446.209387755102,0.0,0.012
12.166,446.209387755102,0.0,0.011
12.167,446.209387755102,0.0,0.01
12.168,446.209387755102,0.0,0.01
12.169,446.209387755102,0.0,0.01
12.17,446.209387755102,0.0,0.01
12.171,446.209387755102,0.0,0.01
12.172,446.209387755102,0.0,0.01
12.173,446.209387755102,0.0,0.01
12.174,562.1934052040816,0.0,0.009
12.175,562.1934052040816,0.0,0.009
12.176,562.1934052040816,0.0,0.009
12.177,562.1934052040816,0.0,0.01
12.178,562.1934052040816,0.0,0.011
12.179,562.1934052040816,0.0,0.011
12.18,562.1934052040816,0.0,0.011
12.181,562.1934052040816,0.0,0.011
12.182,562.1934052040816,0.0,0.011
12.183,562.1934052040816,0.0,0.011
12.184,562.1934052040816,0.0,0.012
12.185,562.1934052040816,0.0,0.012
12.186,562.1934052040816,0.0,0.013
12.187,562.1934052040816,0.0,0.014
12.188,562.1934052040816,0.0,0.014
12.189,562.1934052040816,0.0,0.013
12.19,562.1934052040816,0.0,0.015
12.191,562.1934052040816,0.0,0.016
12.192,562.1934052040816,0.0,0.017
12.193,562.1934052040816,0.0,0.018
12.194,562.1934052040816,0.0,0.019
12.195,562.1934052040816,0.0,0.019
12.196,562.1934052040816,0.0,0.019
12.197,562.1934052040816,0.0,0.02
12.198,562.1934052040816,0.0,0.02
12.199,562.1934052040816,0.0,0.02
12.2,562.1934052040816,0.0,0.022
12.201,562.1934052040816,0.0,0.024
12.202,562.1934052040816,0.0,0.025
12.203,562.1934052040816,0.0,0.025
12.204,562.1934052040816,0.0,0.022
12.205,562.1934052040816,0.0,0.021
12.206,562.1934052040816,0.0,0.02
12.207,562.1934052040816,0.0,0.02
12.208,562.1934052040816,0.0,0.02
12.209,562.1934052040816,0.0,0.021
12.21,562.1934052040816,0.0,0.023
12.211,562.1934052040816,0.0,0.024
12.212,562.1934052040816,0.0,0.025
12.213,562.1934052040816,0.0,0.026
12.214,562.1934052040816,0.0,0.026
12.215,562.1934052040816,0.0,0.027
12.216,562.1934052040816,0.0,0.03
12.217,562.1934052040816,0.0,0.034
12.218,562.1934052040816,0.0,0.036
12.219,562.1934052040816,0.0,0.036
12.22,562.1934052040816,0.0,0.037
12.221,562.1934052040816,0.0,0.036
12.222,562.1934052040816,0.0,0.034
12.223,562.1934052040816,0.0,0.035
12.224,562.1934052040816,0.0,0.036
12.225,562.1934052040816,0.0,0.037
12.226,562.1934052040816,0.0,0.038
12.227,562.1934052040816,0.0,0.041
12.228,562.1934052040816,0.0,0.04
12.229,562.1934052040816,0.0,0.037
12.23,562.1934052040816,0.0,0.035
12.231,562.1934052040816,0.0,0.035
12.232,562.1934052040816,0.0,0.036
12.233,562.1934052040816,0.0,0.039
12.234,562.1934052040816,0.0,0.043
12.235,562.1934052040816,0.0,0.043
12.236,562.1934052040816,0.0,0.042
12.237,562.1934052040816,0.0,0.043
12.238,562.1934052040816,0.0,0.043
12.239,562.1934052040816,0.0,0.042
12.24,562.1934052040816,0.0,0.044
12.241,562.1934052040816,0.0,0.047
12.242,562.1934052040816,0.0,0.052
12.243,562.1934052040816,0.0,0.057
12.244,562.1934052040816,0.0,0.059
12.245,562.1934052040816,0.0,0.055
12.246,562.1934052040816,0.0,0.051
12.247,562.1934052040816,0.0,0.052
12.248,562.1934052040816,0.0,0.056
12.249,562.1934052040816,0.0,0.059
12.25,562.1934052040816,0.0,0.061
12.251,562.1934052040816,0.0,0.064
12.252,562.1934052040816,0.0,0.066
12.253,562.1934052040816,0.0,0.065
12.254,562.1934052040816,0.0,0.063
12.255,562.1934052040816,0.0,0.061
12.256,562.1934052040816,0.0,0.062
12.257,562.1934052040816,0.0,0.068
12.258,562.1934052040816,0.0,0.074
12.259,562.1934052040816,0.0,0.078
12.26,562.1934052040816,0.0,0.081
12.261,562.1934052040816,0.0,0.082
12.262,562.1934052040816,0.0,0.081
12.263,562.1934052040816,0.0,0.08
12.264,562.1934052040816,0.0,0.083
12.265,562.1934052040816,0.0,0.089
12.266,562.1934052040816,0.0,0.097
12.267,562.1934052040816,0.0,0.109
12.268,562.1934052040816,0.0,0.122
12.269,562.1934052040816,0.0,0.127
12.27,562.1934052040816,0.0,0.122
12.271,562.1934052040816,0.0,0.118
12.272,562.1934052040816,0.0,0.122
12.273,562.1934052040816,0.0,0.131
12.274,562.1934052040816,0.0,0.141
12.275,562.1934052040816,0.0,0.151
12.276,562.1934052040816,0.0,0.163
12.277,562.1934052040816,0.0,0.176
12.278,562.1934052040816,0.0,0.177
12.279,562.1934052040816,0.0,0.17
12.28,562.1934052040816,0.0,0.166
12.281,562.1934052040816,0.0,0.173
12.282,562.1934052040816,0.0,0.187
12.283,562.1934052040816,0.0,0.195
12.284,562.1934052040816,0.0,0.202
12.285,562.1934052040816,0.0,0.213
12.286,562.1934052040816,0.0,0.221
12.287,562.1934052040816,0.0,0.221
12.288,562.1934052040816,0.0,0.213
12.289,562.1934052040816,0.0,0.207
12.29,562.1934052040816,0.0,0.204
12.291,562.1934052040816,0.0,0.203
12.292,562.1934052040816,0.0,0.201
12.293,562.1934052040816,0.0,0.199
12.294,562.1934052040816,0.0,0.195
12.295,562.1934052040816,0.0,0.186
12.296,562.1934052040816,0.0,0.175
12.297,562.1934052040816,0.0,0.164
12.298,562.1934052040816,0.0,0.151
12.299,562.1934052040816,0.0,0.137
12.3,562.1934052040816,0.0,0.125
12.301,562.1934052040816,0.0,0.114
12.302,562.1934052040816,0.0,0.106
12.303,562.1934052040816,0.0,0.096
12.304,562.1934052040816,0.0,0.082
12.305,562.1934052040816,0.0,0.073
12.306,562.1934052040816,0.0,0.069
12.307,562.1934052040816,0.0,0.063
12.308,562.1934052040816,0.0,0.054
12.309,562.1934052040816,0.0,0.047
12.31,562.1934052040816,0.0,0.048
12.311,562.1934052040816,0.0,0.048
12.312,562.1934052040816,0.0,0.047
12.313,562.1934052040816,0.0,0.046
12.314,562.1934052040816,0.0,0.044
12.315,562.1934052040816,0.0,0.046
12.316,562.1934052040816,0.0,0.048
12.317,562.1934052040816,0.0,0.05
12.318,562.1934052040816,0.0,0.051
12.319,562.1934052040816,0.0,0.054
12.32,562.1934052040816,0.0,0.057
12.321,562.1934052040816,0.0,0.061
12.322,562.1934052040816,0.0,0.064
12.323,562.1934052040816,0.0,0.067
12.324,562.1934052040816,0.0,0.07
12.325,562.1934052040816,0.0,0.071
12.326,562.1934052040816,0.0,0.074
12.327,562.1934052040816,0.0,0.076
12.328,562.1934052040816,0.0,0.078
12.329,562.1934052040816,0.0,0.08
12.33,562.1934052040816,0.0,0.085
12.331,562.1934052040816,0.0,0.09
12.332,562.1934052040816,0.0,0.094
12.333,562.1934052040816,0.0,0.096
12.334,562.1934052040816,0.0,0.098
12.335,562.1934052040816,0.0,0.098
12.336,562.1934052040816,0.0,0.099
12.337,562.1934052040816,0.0,0.099
12.338,562.1934052040816,0.0,0.102
12.339,562.1934052040816,0.0,0.104
12.34,562.1934052040816,0.0,0.107
12.341,562.1934052040816,0.0,0.108
12.342,562.1934052040816,0.0,0.111
12.343,945.4872692857143,0.0,0.109
12.344,945.4872692857143,0.0,0.105
12.345,945.4872692857143,0.0,0.098
12.346,945.4872692857143,0.0,0.091
12.347,945.4872692857143,0.0,0.088
12.348,945.4872692857143,0.0,0.085
12.349,945.4872692857143,0.0,0.082
12.35,945.4872692857143,0.0,0.08
12.351,945.4872692857143,0.0,0.079
12.352,945.4872692857143,0.0,0.077
12.353,945.4872692857143,0.0,0.073
12.354,945.4872692857143,0.0,0.07
12.355,945.4872692857143,0.0,0.067
12.356,945.4872692857143,0.0,0.065
12.357,945.4872692857143,0.0,0.062
12.358,945.4872692857143,0.0,0.06
12.359,945.4872692857143,0.0,0.059
12.36,945.4872692857143,0.0,0.056
12.361,945.4872692857143,0.0,0.053
12.362,945.4872692857143,0.0,0.051
12.363,945.4872692857143,0.0,0.051
12.364,945.4872692857143,0.0,0.05
12.365,945.4872692857143,0.0,0.05
12.366,945.4872692857143,0.0,0.05
12.367,945.4872692857143,0.0,0.051
12.368,945.4872692857143,0.0,0.051
12.369,945.4872692857143,0.0,0.051
12.37,945.4872692857143,0.0,0.054
12.371,945.4872692857143,0.0,0.056
12.372,945.4872692857143,0.0,0.057
12.373,945.4872692857143,0.0,0.058
12.374,945.4872692857143,0.0,0.06
12.375,945.4872692857143,0.0,0.063
12.376,945.4872692857143,0.0,0.065
12.377,945.4872692857143,0.0,0.065
12.378,945.4872692857143,0.0,0.066
12.379,945.4872692857143,0.0,0.067
12.38,945.4872692857143,0.0,0.066
12.381,945.4872692857143,0.0,0.067
12.382,945.4872692857143,0.0,0.068
12.383,945.4872692857143,0.0,0.069
12.384,945.4872692857143,0.0,0.07
12.385,945.4872692857143,0.0,0.072
12.386,945.4872692857143,0.0,0.073
12.387,945.4872692857143,0.0,0.072
12.388,945.4872692857143,0.0,0.071
12.389,945.4872692857143,0.0,0.07
12.39,945.4872692857143,0.0,0.072
12.391,945.4872692857143,0.0,0.071
12.392,945.4872692857143,0.0,0.071
12.393,945.4872692857143,0.0,0.069
12.394,945.4872692857143,0.0,0.068
12.395,945.4872692857143,0.0,0.069
12.396,945.4872692857143,0.0,0.067
12.397,945.4872692857143,0.0,0.067
12.398,945.4872692857143,0.0,0.067
12.399,945.4872692857143,0.0,0.068
12.4,945.4872692857143,0.0,0.068
12.401,945.4872692857143,0.0,0.068
12.402,945.4872692857143,0.0,0.068
12.403,945.4872692857143,0.0,0.067
12.404,945.4872692857143,0.0,0.069
12.405,945.4872692857143,0.0,0.07
12.406,945.4872692857143,0.0,0.071
12.407,945.4872692857143,0.0,0.071
12.408,945.4872692857143,0.0,0.071
12.409,945.4872692857143,0.0,0.072
12.41,945.4872692857143,0.0,0.073
12.411,945.4872692857143,0.0,0.075
12.412,945.4872692857143,0.0,0.075
12.413,945.4872692857143,0.0,0.075
12.414,945.4872692857143,0.0,0.076
12.415,945.4872692857143,0.0,0.077
12.416,945.4872692857143,0.0,0.077
12.417,945.4872692857143,0.0,0.077
12.418,945.4872692857143,0.0,0.079
12.419,945.4872692857143,0.0,0.082
12.42,945.4872692857143,0.0,0.086
12.421,945.4872692857143,0.0,0.088
12.422,945.4872692857143,0.0,0.09
12.423,945.4872692857143,0.0,0.091
12.424,945.4872692857143,0.0,0.092
12.425,945.4872692857143,0.0,0.093
12.426,945.4872692857143,0.0,0.094
12.427,945.4872692857143,0.0,0.096
12.428,945.4872692857143,0.0,0.097
12.429,945.4872692857143,0.0,0.098
12.43,945.4872692857143,0.0,0.098
12.431,945.4872692857143,0.0,0.097
12.432,945.4872692857143,0.0,0.094
12.433,945.4872692857143,0.0,0.089
12.434,945.4872692857143,0.0,0.084
12.435,945.4872692857143,0.0,0.081
12.436,945.4872692857143,0.0,0.077
12.437,945.4872692857143,0.0,0.075
12.438,945.4872692857143,0.0,0.074
12.439,945.4872692857143,0.0,0.072
12.44,945.4872692857143,0.0,0.068
12.441,945.4872692857143,0.0,0.064
12.442,945.4872692857143,0.0,0.059
12.443,945.4872692857143,0.0,0.054
12.444,945.4872692857143,0.0,0.051
12.445,945.4872692857143,0.0,0.049
12.446,945.4872692857143,0.0,0.048
12.447,945.4872692857143,0.0,0.046
12.448,945.4872692857143,0.0,0.045
12.449,945.4872692857143,0.0,0.042
12.45,945.4872692857143,0.0,0.04
12.451,945.4872692857143,0.0,0.038
12.452,945.4872692857143,0.0,0.036
12.453,945.4872692857143,0.0,0.035
12.454,945.4872692857143,0.0,0.035
12.455,945.4872692857143,0.0,0.036
12.456,945.4872692857143,0.0,0.036
12.457,945.4872692857143,0.0,0.036
12.458,945.4872692857143,0.0,0.036
12.459,945.4872692857143,0.0,0.037
12.46,945.4872692857143,0.0,0.038
12.461,945.4872692857143,0.0,0.039
12.462,945.4872692857143,0.0,0.04
12.463,945.4872692857143,0.0,0.042
12.464,945.4872692857143,0.0,0.046
12.465,945.4872692857143,0.0,0.048
12.466,945.4872692857143,0.0,0.05
12.467,945.4872692857143,0.0,0.051
12.468,945.4872692857143,0.0,0.051
12.469,945.4872692857143,0.0,0.05
12.47,945.4872692857143,0.0,0.049
12.471,945.4872692857143,0.0,0.05
12.472,945.4872692857143,0.0,0.05
12.473,945.4872692857143,0.0,0.05
12.474,945.4872692857143,0.0,0.05
12.475,945.4872692857143,0.0,0.05
12.476,945.4872692857143,0.0,0.049
12.477,945.4872692857143,0.0,0.046
12.478,945.4872692857143,0.0,0.043
12.479,945.4872692857143,0.0,0.042
12.48,945.4872692857143,0.0,0.042
12.481,945.4872692857143,0.0,0.04
12.482,945.4872692857143,0.0,0.038
12.483,945.4872692857143,0.0,0.036
12.484,945.4872692857143,0.0,0.036
12.485,945.4872692857143,0.0,0.035
12.486,945.4872692857143,0.0,0.033
12.487,945.4872692857143,0.0,0.03
12.488,945.4872692857143,0.0,0.029
12.489,945.4872692857143,0.0,0.029
12.49,945.4872692857143,0.0,0.029
12.491,945.4872692857143,0.0,0.028
12.492,945.4872692857143,0.0,0.027
12.493,945.4872692857143,0.0,0.026
12.494,892.418775510204,0.0,0.025
12.495,892.418775510204,0.0,0.025
12.496,892.418775510204,0.0,0.024
12.497,892.418775510204,0.0,0.023
12.498,892.418775510204,0.0,0.024
12.499,892.418775510204,0.0,0.025
12.5,892.418775510204,0.0,0.026
12.501,892.418775510204,0.0,0.026
12.502,892.418775510204,0.0,0.026
12.503,892.418775510204,0.0,0.026
12.504,892.418775510204,0.0,0.026
12.505,892.418775510204,0.0,0.028
12.506,892.418775510204,0.0,0.028
12.507,892.418775510204,0.0,0.028
12.508,892.418775510204,0.0,0.029
12.509,892.418775510204,0.0,0.032
12.51,892.418775510204,0.0,0.033
12.511,892.418775510204,0.0,0.033
12.512,892.418775510204,0.0,0.033
12.513,892.418775510204,0.0,0.032
12.514,892.418775510204,0.0,0.032
12.515,892.418775510204,0.0,0.031
12.516,892.418775510204,0.0,0.032
12.517,892.418775510204,0.0,0.031
12.518,892.418775510204,0.0,0.032
12.519,892.418775510204,0.0,0.031
12.52,892.418775510204,0.0,0.03
12.521,892.418775510204,0.0,0.028
12.522,892.418775510204,0.0,0.027
12.523,892.418775510204,0.0,0.027
12.524,892.418775510204,0.0,0.026
12.525,892.418775510204,0.0,0.026
12.526,892.418775510204,0.0,0.026
12.527,892.418775510204,0.0,0.025
12.528,892.418775510204,0.0,0.025
12.529,892.418775510204,0.0,0.024
12.53,892.418775510204,0.0,0.025
12.531,892.418775510204,0.0,0.024
12.532,892.418775510204,0.0,0.024
12.533,892.418775510204,0.0,0.025
12.534,892.418775510204,0.0,0.026
12.535,892.418775510204,0.0,0.027
12.536,892.418775510204,0.0,0.027
12.537,892.418775510204,0.0,0.027
12.538,892.418775510204,0.0,0.027
12.539,892.418775510204,0.0,0.027
12.54,892.418775510204,0.0,0.027
12.541,892.418775510204,0.0,0.026
12.542,892.418775510204,0.0,0.026
12.543,892.418775510204,0.0,0.026
12.544,892.418775510204,0.0,0.025
12.545,892.418775510204,0.0,0.024
12.546,892.418775510204,0.0,0.024
12.547,892.418775510204,0.0,0.023
12.548,892.418775510204,0.0,0.022
12.549,892.418775510204,0.0,0.02
12.55,892.418775510204,0.0,0.02
12.551,892.418775510204,0.0,0.019
12.552,892.418775510204,0.0,0.018
12.553,892.418775510204,0.0,0.018
12.554,892.418775510204,0.0,0.017
12.555,892.418775510204,0.0,0.017
12.556,892.418775510204,0.0,0.017
12.557,892.418775510204,0.0,0.017
12.558,892.418775510204,0.0,0.016
12.559,892.418775510204,0.0,0.016
12.56,892.418775510204,0.0,0.016
12.561,892.418775510204,0.0,0.015
12.562,892.418775510204,0.0,0.015
12.563,892.418775510204,0.0,0.014
12.564,892.418775510204,0.0,0.015
12.565,892.418775510204,0.0,0.014
12.566,892.418775510204,0.0,0.013
12.567,892.418775510204,0.0,0.013
12.568,892.418775510204,0.0,0.013
12.569,892.418775510204,0.0,0.012
12.57,892.418775510204,0.0,0.011
12.571,892.418775510204,0.0,0.011
12.572,892.418775510204,0.0,0.01
12.573,892.418775510204,0.0,0.01
12.574,892.418775510204,0.0,0.01
12.575,892.418775510204,0.0,0.011
12.576,892.418775510204,0.0,0.012
12.577,892.418775510204,0.0,0.013
12.578,892.418775510204,0.0,0.014
12.579,892.418775510204,0.0,0.016
12.58,892.418775510204,0.0,0.016
12.581,892.418775510204,0.0,0.016
12.582,892.418775510204,0.0,0.018
12.583,892.418775510204,0.0,0.018
12.584,892.418775510204,0.0,0.018
12.585,892.418775510204,0.0,0.018
12.586,892.418775510204,0.0,0.018
12.587,892.418775510204,0.0,0.018
12.588,892.418775510204,0.0,0.018
12.589,892.418775510204,0.0,0.017
12.59,892.418775510204,0.0,0.016
12.591,892.418775510204,0.0,0.016
12.592,892.418775510204,0.0,0.015
12.593,892.418775510204,0.0,0.014
12.594,892.418775510204,0.0,0.013
12.595,892.418775510204,0.0,0.012
12.596,892.418775510204,0.0,0.012
12.597,892.418775510204,0.0,0.01
12.598,892.418775510204,0.0,0.009
12.599,892.418775510204,0.0,0.008
12.6,892.418775510204,0.0,0.008
12.601,892.418775510204,0.0,0.007
12.602,892.418775510204,0.0,0.006
12.603,892.418775510204,0.0,0.005
12.604,892.418775510204,0.0,0.005
12.605,892.418775510204,0.0,0.004
12.606,892.418775510204,0.0,0.004
12.607,892.418775510204,0.0,0.004
12.608,892.418775510204,0.0,0.003
12.609,892.418775510204,0.0,0.003
12.61,892.418775510204,0.0,0.003
12.611,892.418775510204,0.0,0.003
12.612,892.418775510204,0.0,0.003
12.613,892.418775510204,0.0,0.004
12.614,892.418775510204,0.0,0.004
12.615,892.418775510204,0.0,0.005
12.616,892.418775510204,0.0,0.005
12.617,892.418775510204,0.0,0.006
12.618,892.418775510204,0.0,0.006
12.619,892.418775510204,0.0,0.006
12.62,892.418775510204,0.0,0.006
12.621,892.418775510204,0.0,0.006
12.622,892.418775510204,0.0,0.006
12.623,892.418775510204,0.0,0.006
12.624,892.418775510204,0.0,0.006
12.625,892.418775510204,0.0,0.005
12.626,892.418775510204,0.0,0.005
12.627,892.418775510204,0.0,0.006
12.628,892.418775510204,0.0,0.006
12.629,892.418775510204,0.0,0.006
12.63,892.418775510204,0.0,0.006
12.631,892.418775510204,0.0,0.007
12.632,892.418775510204,0.0,0.007
12.633,892.418775510204,0.0,0.007
12.634,892.418775510204,0.0,0.008
12.635,892.418775510204,0.0,0.008
12.636,892.418775510204,0.0,0.008
12.637,892.418775510204,0.0,0.008
12.638,892.418775510204,0.0,0.009
12.639,892.418775510204,0.0,0.008
12.64,892.418775510204,0.0,0.008
12.641,892.418775510204,0.0,0.009
12.642,892.418775510204,0.0,0.008
12.643,892.418775510204,0.0,0.008
12.644,892.418775510204,0.0,0.008
12.645,892.418775510204,0.0,0.008
12.646,892.418775510204,0.0,0.008
12.647,892.418775510204,0.0,0.008
12.648,892.418775510204,0.0,0.008
12.649,892.418775510204,0.0,0.008
12.65,892.418775510204,0.0,0.007
12.651,892.418775510204,0.0,0.007
12.652,892.418775510204,0.0,0.007
12.653,892.418775510204,0.0,0.007
12.654,892.418775510204,0.0,0.006
12.655,795.0538588775511,0.0,0.006
12.656,795.0538588775511,0.0,0.006
12.657,795.0538588775511,0.0,0.006
12.658,795.0538588775511,0.0,0.006
12.659,795.0538588775511,0.0,0.007
12.66,795.0538588775511,0.0,0.007
12.661,795.0538588775511,0.0,0.007
12.662,795.0538588775511,0.0,0.008
12.663,795.0538588775511,0.0,0.008
12.664,795.0538588775511,0.0,0.009
12.665,795.0538588775511,0.0,0.009
12.666,795.0538588775511,0.0,0.01
12.667,795.0538588775511,0.0,0.011
12.668,795.0538588775511,0.0,0.012
12.669,795.0538588775511,0.0,0.014
12.67,795.0538588775511,0.0,0.016
12.671,795.0538588775511,0.0,0.017
12.672,795.0538588775511,0.0,0.02
12.673,795.0538588775511,0.0,0.022
12.674,795.0538588775511,0.0,0.025
12.675,795.0538588775511,0.0,0.028
12.676,795.0538588775511,0.0,0.031
12.677,795.0538588775511,0.0,0.034
12.678,795.0538588775511,0.0,0.036
12.679,795.0538588775511,0.0,0.037
12.68,795.0538588775511,0.0,0.037
12.681,795.0538588775511,0.0,0.037
12.682,795.0538588775511,0.0,0.038
12.683,795.0538588775511,0.0,0.039
12.684,795.0538588775511,0.0,0.039
12.685,795.0538588775511,0.0,0.039
12.686,795.0538588775511,0.0,0.039
12.687,795.0538588775511,0.0,0.039
12.688,795.0538588775511,0.0,0.038
12.689,795.0538588775511,0.0,0.037
12.69,795.0538588775511,0.0,0.037
12.691,795.0538588775511,0.0,0.035
12.692,795.0538588775511,0.0,0.034
12.693,795.0538588775511,0.0,0.037
12.694,795.0538588775511,0.0,0.038
12.695,795.0538588775511,0.0,0.039
12.696,795.0538588775511,0.0,0.04
12.697,795.0538588775511,0.0,0.041
12.698,795.0538588775511,0.0,0.041
12.699,795.0538588775511,0.0,0.043
12.7,795.0538588775511,0.0,0.045
12.701,795.0538588775511,0.0,0.045
12.702,795.0538588775511,0.0,0.046
12.703,795.0538588775511,0.0,0.047
12.704,795.0538588775511,0.0,0.049
12.705,795.0538588775511,0.0,0.049
12.706,795.0538588775511,0.0,0.048
12.707,795.0538588775511,0.0,0.049
12.708,795.0538588775511,0.0,0.049
12.709,795.0538588775511,0.0,0.05
12.71,795.0538588775511,0.0,0.051
12.711,795.0538588775511,0.0,0.05
12.712,795.0538588775511,0.0,0.049
12.713,795.0538588775511,0.0,0.049
12.714,795.0538588775511,0.0,0.049
12.715,795.0538588775511,0.0,0.049
12.716,795.0538588775511,0.0,0.048
12.717,795.0538588775511,0.0,0.047
12.718,795.0538588775511,0.0,0.047
12.719,795.0538588775511,0.0,0.047
12.72,795.0538588775511,0.0,0.047
12.721,795.0538588775511,0.0,0.047
12.722,795.0538588775511,0.0,0.046
12.723,795.0538588775511,0.0,0.047
12.724,795.0538588775511,0.0,0.047
12.725,795.0538588775511,0.0,0.047
12.726,795.0538588775511,0.0,0.045
12.727,795.0538588775511,0.0,0.046
12.728,795.0538588775511,0.0,0.045
12.729,795.0538588775511,0.0,0.046
12.73,795.0538588775511,0.0,0.046
12.731,795.0538588775511,0.0,0.046
12.732,795.0538588775511,0.0,0.047
12.733,795.0538588775511,0.0,0.046
12.734,795.0538588775511,0.0,0.045
12.735,795.0538588775511,0.0,0.045
12.736,795.0538588775511,0.0,0.045
12.737,795.0538588775511,0.0,0.044
12.738,795.0538588775511,0.0,0.045
12.739,795.0538588775511,0.0,0.045
12.74,795.0538588775511,0.0,0.044
12.741,795.0538588775511,0.0,0.044
12.742,795.0538588775511,0.0,0.043
12.743,795.0538588775511,0.0,0.043
12.744,795.0538588775511,0.0,0.042
12.745,795.0538588775511,0.0,0.043
12.746,795.0538588775511,0.0,0.043
12.747,795.0538588775511,0.0,0.042
12.748,795.0538588775511,0.0,0.041
12.749,795.0538588775511,0.0,0.041
12.75,795.0538588775511,0.0,0.041
12.751,795.0538588775511,0.0,0.041
12.752,795.0538588775511,0.0,0.041
12.753,795.0538588775511,0.0,0.041
12.754,795.0538588775511,0.0,0.041
12.755,795.0538588775511,0.0,0.041
12.756,795.0538588775511,0.0,0.041
12.757,795.0538588775511,0.0,0.041
12.758,795.0538588775511,0.0,0.04
12.759,795.0538588775511,0.0,0.04
12.76,795.0538588775511,0.0,0.04
12.761,795.0538588775511,0.0,0.041
12.762,795.0538588775511,0.0,0.041
12.763,795.0538588775511,0.0,0.041
12.764,795.0538588775511,0.0,0.042
12.765,795.0538588775511,0.0,0.042
12.766,795.0538588775511,0.0,0.042
12.767,795.0538588775511,0.0,0.043
12.768,795.0538588775511,0.0,0.043
12.769,795.0538588775511,0.0,0.043
12.77,795.0538588775511,0.0,0.044
12.771,795.0538588775511,0.0,0.044
12.772,795.0538588775511,0.0,0.044
12.773,795.0538588775511,0.0,0.045
12.774,795.0538588775511,0.0,0.045
12.775,795.0538588775511,0.0,0.045
12.776,795.0538588775511,0.0,0.045
12.777,795.0538588775511,0.0,0.045
12.778,795.0538588775511,0.0,0.046
12.779,795.0538588775511,0.0,0.045
12.78,795.0538588775511,0.0,0.044
12.781,795.0538588775511,0.0,0.044
12.782,795.0538588775511,0.0,0.044
12.783,795.0538588775511,0.0,0.044
12.784,795.0538588775511,0.0,0.045
12.785,795.0538588775511,0.0,0.044
12.786,795.0538588775511,0.0,0.044
12.787,795.0538588775511,0.0,0.045
12.788,795.0538588775511,0.0,0.045
12.789,795.0538588775511,0.0,0.044
12.79,795.0538588775511,0.0,0.043
12.791,795.0538588775511,0.0,0.043
12.792,795.0538588775511,0.0,0.045
12.793,795.0538588775511,0.0,0.046
12.794,795.0538588775511,0.0,0.045
12.795,795.0538588775511,0.0,0.045
12.796,795.0538588775511,0.0,0.046
12.797,795.0538588775511,0.0,0.047
12.798,795.0538588775511,0.0,0.048
12.799,795.0538588775511,0.0,0.048
12.8,795.0538588775511,0.0,0.049
12.801,795.0538588775511,0.0,0.051
12.802,795.0538588775511,0.0,0.052
12.803,795.0538588775511,0.0,0.052
12.804,795.0538588775511,0.0,0.052
12.805,795.0538588775511,0.0,0.053
12.806,795.0538588775511,0.0,0.055
12.807,795.0538588775511,0.0,0.056
12.808,795.0538588775511,0.0,0.056
12.809,795.0538588775511,0.0,0.057
12.81,795.0538588775511,0.0,0.059
12.811,795.0538588775511,0.0,0.059
12.812,795.0538588775511,0.0,0.059
12.813,795.0538588775511,0.0,0.059
12.814,795.0538588775511,0.0,0.06
12.815,795.0538588775511,0.0,0.06
12.816,795.0538588775511,0.0,0.06
12.817,795.0538588775511,0.0,0.059
12.818,795.0538588775511,0.0,0.06
12.819,795.0538588775511,0.0,0.06
12.82,795.0538588775511,0.0,0.06
12.821,795.0538588775511,0.0,0.059
12.822,795.0538588775511,0.0,0.057
12.823,795.0538588775511,0.0,0.057
12.824,795.0538588775511,0.0,0.058
12.825,795.0538588775511,0.0,0.057
12.826,795.0538588775511,0.0,0.056
12.827,795.0538588775511,0.0,0.056
12.828,795.0538588775511,0.0,0.056
12.829,795.0538588775511,0.0,0.056
12.83,795.0538588775511,0.0,0.056
12.831,795.0538588775511,0.0,0.054
12.832,795.0538588775511,0.0,0.052
12.833,795.0538588775511,0.0,0.053
12.834,795.0538588775511,0.0,0.054
12.835,795.0538588775511,0.0,0.053
12.836,795.0538588775511,0.0,0.051
12.837,795.0538588775511,0.0,0.049
12.838,795.0538588775511,0.0,0.049
12.839,795.0538588775511,0.0,0.049
12.84,795.0538588775511,0.0,0.048
12.841,795.0538588775511,0.0,0.045
12.842,795.0538588775511,0.0,0.044
12.843,795.0538588775511,0.0,0.045
12.844,795.0538588775511,0.0,0.048
12.845,795.0538588775511,0.0,0.049
12.846,795.0538588775511,0.0,0.05
12.847,795.0538588775511,0.0,0.052
12.848,795.0538588775511,0.0,0.055
12.849,795.0538588775511,0.0,0.056
12.85,795.0538588775511,0.0,0.056
12.851,795.0538588775511,0.0,0.059
12.852,795.0538588775511,0.0,0.062
12.853,795.0538588775511,0.0,0.064
12.854,795.0538588775511,0.0,0.065
12.855,795.0538588775511,0.0,0.068
12.856,795.0538588775511,0.0,0.073
12.857,795.0538588775511,0.0,0.075
12.858,795.0538588775511,0.0,0.073
12.859,795.0538588775511,0.0,0.074
12.86,795.0538588775511,0.0,0.078
12.861,795.0538588775511,0.0,0.084
12.862,795.0538588775511,0.0,0.086
12.863,795.0538588775511,0.0,0.086
12.864,795.0538588775511,0.0,0.085
12.865,795.0538588775511,0.0,0.088
12.866,795.0538588775511,0.0,0.092
12.867,795.0538588775511,0.0,0.093
12.868,795.0538588775511,0.0,0.09
12.869,795.0538588775511,0.0,0.092
12.87,795.0538588775511,0.0,0.094
12.871,795.0538588775511,0.0,0.093
12.872,795.0538588775511,0.0,0.091
12.873,795.0538588775511,0.0,0.092
12.874,795.0538588775511,0.0,0.095
12.875,795.0538588775511,0.0,0.094
12.876,708.3168385714287,0.0,0.087
12.877,708.3168385714287,0.0,0.087
12.878,708.3168385714287,0.0,0.096
12.879,708.3168385714287,0.0,0.099
12.88,708.3168385714287,0.0,0.086
12.881,708.3168385714287,0.0,0.079
12.882,708.3168385714287,0.0,0.085
12.883,708.3168385714287,0.0,0.09
12.884,708.3168385714287,0.0,0.082
12.885,708.3168385714287,0.0,0.078
12.886,708.3168385714287,0.0,0.08
12.887,708.3168385714287,0.0,0.081
12.888,708.3168385714287,0.0,0.072
12.889,708.3168385714287,0.0,0.069
12.89,708.3168385714287,0.0,0.073
12.891,708.3168385714287,0.0,0.071
12.892,708.3168385714287,0.0,0.06
12.893,708.3168385714287,0.0,0.056
12.894,708.3168385714287,0.0,0.059
12.895,708.3168385714287,0.0,0.058
12.896,708.3168385714287,0.0,0.049
12.897,708.3168385714287,0.0,0.043
12.898,708.3168385714287,0.0,0.044
12.899,708.3168385714287,0.0,0.044
12.9,708.3168385714287,0.0,0.039
12.901,708.3168385714287,0.0,0.037
12.902,708.3168385714287,0.0,0.037
12.903,708.3168385714287,0.0,0.036
12.904,708.3168385714287,0.0,0.031
12.905,708.3168385714287,0.0,0.031
12.906,708.3168385714287,0.0,0.033
12.907,708.3168385714287,0.0,0.033
12.908,708.3168385714287,0.0,0.029
12.909,708.3168385714287,0.0,0.028
12.91,708.3168385714287,0.0,0.03
12.911,708.3168385714287,0.0,0.03
12.912,708.3168385714287,0.0,0.028
12.913,708.3168385714287,0.0,0.026
12.914,708.3168385714287,0.0,0.026
12.915,708.3168385714287,0.0,0.026
12.916,708.3168385714287,0.0,0.025
12.917,708.3168385714287,0.0,0.024
12.918,708.3168385714287,0.0,0.023
12.919,708.3168385714287,0.0,0.022
12.92,708.3168385714287,0.0,0.021
12.921,708.3168385714287,0.0,0.021
12.922,708.3168385714287,0.0,0.021
12.923,708.3168385714287,0.0,0.019
12.924,708.3168385714287,0.0,0.018
12.925,708.3168385714287,0.0,0.019
12.926,708.3168385714287,0.0,0.018
12.927,708.3168385714287,0.0,0.017
12.928,708.3168385714287,0.0,0.017
12.929,708.3168385714287,0.0,0.018
12.93,708.3168385714287,0.0,0.018
12.931,708.3168385714287,0.0,0.017
12.932,708.3168385714287,0.0,0.016
12.933,708.3168385714287,0.0,0.016
12.934,708.3168385714287,0.0,0.016
12.935,708.3168385714287,0.0,0.016
12.936,708.3168385714287,0.0,0.015
12.937,708.3168385714287,0.0,0.015
12.938,708.3168385714287,0.0,0.014
12.939,708.3168385714287,0.0,0.014
12.94,708.3168385714287,0.0,0.013
12.941,708.3168385714287,0.0,0.013
12.942,708.3168385714287,0.0,0.012
12.943,708.3168385714287,0.0,0.011
12.944,708.3168385714287,0.0,0.011
12.945,708.3168385714287,0.0,0.011
12.946,708.3168385714287,0.0,0.011
12.947,708.3168385714287,0.0,0.01
12.948,708.3168385714287,0.0,0.009
12.949,708.3168385714287,0.0,0.01
12.95,708.3168385714287,0.0,0.009
12.951,708.3168385714287,0.0,0.009
12.952,708.3168385714287,0.0,0.009
12.953,708.3168385714287,0.0,0.009
12.954,708.3168385714287,0.0,0.008
12.955,708.3168385714287,0.0,0.008
12.956,708.3168385714287,0.0,0.009
12.957,708.3168385714287,0.0,0.008
12.958,708.3168385714287,0.0,0.008
12.959,708.3168385714287,0.0,0.008
12.96,708.3168385714287,0.0,0.009
12.961,708.3168385714287,0.0,0.009
12.962,708.3168385714287,0.0,0.009
12.963,708.3168385714287,0.0,0.008
12.964,708.3168385714287,0.0,0.008
12.965,708.3168385714287,0.0,0.008
12.966,708.3168385714287,0.0,0.007
12.967,708.3168385714287,0.0,0.007
12.968,708.3168385714287,0.0,0.007
12.969,708.3168385714287,0.0,0.007
12.97,708.3168385714287,0.0,0.006
12.971,708.3168385714287,0.0,0.006
12.972,708.3168385714287,0.0,0.006
12.973,708.3168385714287,0.0,0.006
12.974,708.3168385714287,0.0,0.005
12.975,708.3168385714287,0.0,0.005
12.976,708.3168385714287,0.0,0.005
12.977,708.3168385714287,0.0,0.005
12.978,708.3168385714287,0.0,0.005
12.979,708.3168385714287,0.0,0.005
12.98,708.3168385714287,0.0,0.005
12.981,708.3168385714287,0.0,0.004
12.982,708.3168385714287,0.0,0.004
12.983,708.3168385714287,0.0,0.004
12.984,708.3168385714287,0.0,0.005
12.985,708.3168385714287,0.0,0.005
12.986,708.3168385714287,0.0,0.004
12.987,708.3168385714287,0.0,0.004
12.988,708.3168385714287,0.0,0.004
12.989,708.3168385714287,0.0,0.004
12.99,708.3168385714287,0.0,0.004
12.991,708.3168385714287,0.0,0.004
12.992,708.3168385714287,0.0,0.004
12.993,708.3168385714287,0.0,0.005
12.994,708.3168385714287,0.0,0.004
12.995,708.3168385714287,0.0,0.005
12.996,708.3168385714287,0.0,0.005
12.997,708.3168385714287,0.0,0.005
12.998,708.3168385714287,0.0,0.004
12.999,708.3168385714287,0.0,0.004
13.0,708.3168385714287,0.0,0.005
13.001,708.3168385714287,0.0,0.005
13.002,708.3168385714287,0.0,0.005
13.003,708.3168385714287,0.0,0.005
13.004,708.3168385714287,0.0,0.005
13.005,708.3168385714287,0.0,0.005
13.006,708.3168385714287,0.0,0.005
13.007,708.3168385714287,0.0,0.005
13.008,708.3168385714287,0.0,0.005
13.009,708.3168385714287,0.0,0.005
13.01,708.3168385714287,0.0,0.005
13.011,708.3168385714287,0.0,0.005
13.012,708.3168385714287,0.0,0.005
13.013,708.3168385714287,0.0,0.006
13.014,708.3168385714287,0.0,0.006
13.015,708.3168385714287,0.0,0.006
13.016,708.3168385714287,0.0,0.006
13.017,708.3168385714287,0.0,0.006
13.018,708.3168385714287,0.0,0.007
13.019,708.3168385714287,0.0,0.007
13.02,708.3168385714287,0.0,0.006
13.021,708.3168385714287,0.0,0.007
13.022,708.3168385714287,0.0,0.007
13.023,708.3168385714287,0.0,0.007
13.024,708.3168385714287,0.0,0.006
13.025,708.3168385714287,0.0,0.006
13.026,708.3168385714287,0.0,0.006
13.027,708.3168385714287,0.0,0.006
13.028,708.3168385714287,0.0,0.007
13.029,708.3168385714287,0.0,0.006
13.03,708.3168385714287,0.0,0.006
13.031,708.3168385714287,0.0,0.006
13.032,708.3168385714287,0.0,0.006
13.033,708.3168385714287,0.0,0.006
13.034,708.3168385714287,0.0,0.006
13.035,708.3168385714287,0.0,0.006
13.036,708.3168385714287,0.0,0.007
13.037,708.3168385714287,0.0,0.007
13.038,708.3168385714287,0.0,0.007
13.039,708.3168385714287,0.0,0.008
13.04,708.3168385714287,0.0,0.008
13.041,708.3168385714287,0.0,0.008
13.042,708.3168385714287,0.0,0.008
13.043,708.3168385714287,0.0,0.008
13.044,708.3168385714287,0.0,0.009
13.045,708.3168385714287,0.0,0.009
13.046,708.3168385714287,0.0,0.009
13.047,708.3168385714287,0.0,0.009
13.048,708.3168385714287,0.0,0.01
13.049,708.3168385714287,0.0,0.01
13.05,708.3168385714287,0.0,0.009
13.051,708.3168385714287,0.0,0.01
13.052,708.3168385714287,0.0,0.011
13.053,708.3168385714287,0.0,0.011
13.054,708.3168385714287,0.0,0.01
13.055,708.3168385714287,0.0,0.01
13.056,708.3168385714287,0.0,0.011
13.057,708.3168385714287,0.0,0.011
13.058,708.3168385714287,0.0,0.011
13.059,708.3168385714287,0.0,0.011
13.06,708.3168385714287,0.0,0.011
13.061,708.3168385714287,0.0,0.012
13.062,708.3168385714287,0.0,0.013
13.063,708.3168385714287,0.0,0.013
13.064,708.3168385714287,0.0,0.014
13.065,708.3168385714287,0.0,0.013
13.066,708.3168385714287,0.0,0.012
13.067,708.3168385714287,0.0,0.013
13.068,708.3168385714287,0.0,0.015
13.069,708.3168385714287,0.0,0.015
13.07,708.3168385714287,0.0,0.013
13.071,708.3168385714287,0.0,0.013
13.072,708.3168385714287,0.0,0.015
13.073,708.3168385714287,0.0,0.017
13.074,708.3168385714287,0.0,0.018
13.075,708.3168385714287,0.0,0.017
13.076,708.3168385714287,0.0,0.016
13.077,708.3168385714287,0.0,0.016
13.078,708.3168385714287,0.0,0.018
13.079,708.3168385714287,0.0,0.02
13.08,708.3168385714287,0.0,0.019
13.081,708.3168385714287,0.0,0.016
13.082,708.3168385714287,0.0,0.017
13.083,708.3168385714287,0.0,0.021
13.084,708.3168385714287,0.0,0.024
13.085,708.3168385714287,0.0,0.022
13.086,708.3168385714287,0.0,0.018
13.087,708.3168385714287,0.0,0.018
13.088,708.3168385714287,0.0,0.021
13.089,708.3168385714287,0.0,0.022
13.09,708.3168385714287,0.0,0.021
13.091,708.3168385714287,0.0,0.019
13.092,708.3168385714287,0.0,0.019
13.093,708.3168385714287,0.0,0.02
13.094,708.3168385714287,0.0,0.022
13.095,708.3168385714287,0.0,0.025
13.096,708.3168385714287,0.0,0.024
13.097,708.3168385714287,0.0,0.021
13.098,708.3168385714287,0.0,0.021
13.099,708.3168385714287,0.0,0.024
13.1,708.3168385714287,0.0,0.027
13.101,708.3168385714287,0.0,0.026
13.102,708.3168385714287,0.0,0.024
13.103,708.3168385714287,0.0,0.023
13.104,708.3168385714287,0.0,0.026
13.105,708.3168385714287,0.0,0.029
13.106,708.3168385714287,0.0,0.03
13.107,708.3168385714287,0.0,0.028
13.108,708.3168385714287,0.0,0.027
13.109,708.3168385714287,0.0,0.027
13.11,708.3168385714287,0.0,0.029
13.111,708.3168385714287,0.0,0.032
13.112,708.3168385714287,0.0,0.032
13.113,708.3168385714287,0.0,0.03
13.114,708.3168385714287,0.0,0.028
13.115,708.3168385714287,0.0,0.032
13.116,708.3168385714287,0.0,0.036
13.117,708.3168385714287,0.0,0.037
13.118,708.3168385714287,0.0,0.034
13.119,708.3168385714287,0.0,0.033
13.12,708.3168385714287,0.0,0.035
13.121,708.3168385714287,0.0,0.037
13.122,708.3168385714287,0.0,0.04
13.123,708.3168385714287,0.0,0.041
13.124,708.3168385714287,0.0,0.04
13.125,708.3168385714287,0.0,0.038
13.126,708.3168385714287,0.0,0.04
13.127,708.3168385714287,0.0,0.045
13.128,708.3168385714287,0.0,0.049
13.129,708.3168385714287,0.0,0.048
13.13,708.3168385714287,0.0,0.046
13.131,708.3168385714287,0.0,0.048
13.132,708.3168385714287,0.0,0.052
13.133,708.3168385714287,0.0,0.055
13.134,708.3168385714287,0.0,0.053
13.135,708.3168385714287,0.0,0.049
13.136,708.3168385714287,0.0,0.046
13.137,708.3168385714287,0.0,0.049
13.138,708.3168385714287,0.0,0.052
13.139,708.3168385714287,0.0,0.05
13.14,708.3168385714287,0.0,0.047
13.141,708.3168385714287,0.0,0.044
13.142,708.3168385714287,0.0,0.043
13.143,708.3168385714287,0.0,0.046
13.144,708.3168385714287,0.0,0.047
13.145,708.3168385714287,0.0,0.043
13.146,708.3168385714287,0.0,0.039
13.147,708.3168385714287,0.0,0.039
13.148,708.3168385714287,0.0,0.04
13.149,708.3168385714287,0.0,0.042
13.15,708.3168385714287,0.0,0.042
13.151,708.3168385714287,0.0,0.041
13.152,708.3168385714287,0.0,0.041
13.153,708.3168385714287,0.0,0.041
13.154,708.3168385714287,0.0,0.043
13.155,708.3168385714287,0.0,0.041
13.156,708.3168385714287,0.0,0.037
13.157,708.3168385714287,0.0,0.033
13.158,708.3168385714287,0.0,0.032
13.159,708.3168385714287,0.0,0.031
13.16,708.3168385714287,0.0,0.029
13.161,708.3168385714287,0.0,0.026
13.162,708.3168385714287,0.0,0.025
13.163,708.3168385714287,0.0,0.023
13.164,708.3168385714287,0.0,0.021
13.165,708.3168385714287,0.0,0.019
13.166,708.3168385714287,0.0,0.018
13.167,708.3168385714287,0.0,0.019
13.168,708.3168385714287,0.0,0.017
13.169,708.3168385714287,0.0,0.014
13.17,708.3168385714287,0.0,0.014
13.171,708.3168385714287,0.0,0.014
13.172,708.3168385714287,0.0,0.015
13.173,708.3168385714287,0.0,0.014
13.174,708.3168385714287,0.0,0.013
13.175,708.3168385714287,0.0,0.013
13.176,708.3168385714287,0.0,0.014
13.177,708.3168385714287,0.0,0.016
13.178,708.3168385714287,0.0,0.016
13.179,708.3168385714287,0.0,0.016
13.18,708.3168385714287,0.0,0.017
13.181,708.3168385714287,0.0,0.018
13.182,708.3168385714287,0.0,0.021
13.183,708.3168385714287,0.0,0.024
13.184,0.0,0.0,0.027
13.185,0.0,0.0,0.027
13.186,0.0,0.0,0.027
13.187,0.0,0.0,0.032
13.188,0.0,0.0,0.039
13.189,0.0,0.0,0.041
13.19,0.0,0.0,0.039
13.191,0.0,0.0,0.038
13.192,0.0,0.0,0.041
13.193,0.0,0.0,0.045
13.194,0.0,0.0,0.046
13.195,0.0,0.0,0.044
13.196,0.0,0.0,0.041
13.197,0.0,0.0,0.041
13.198,0.0,0.0,0.043
13.199,0.0,0.0,0.042
13.2,0.0,0.0,0.039
13.201,0.0,0.0,0.036
13.202,0.0,0.0,0.033
13.203,0.0,0.0,0.03
13.204,0.0,0.0,0.03
13.205,0.0,0.0,0.029
13.206,0.0,0.0,0.027
13.207,0.0,0.0,0.026
13.208,0.0,0.0,0.027
13.209,0.0,0.0,0.028
13.21,0.0,0.0,0.027
13.211,0.0,0.0,0.025
13.212,0.0,0.0,0.025
13.213,0.0,0.0,0.025
13.214,0.0,0.0,0.025
13.215,0.0,0.0,0.024
13.216,0.0,0.0,0.024
13.217,0.0,0.0,0.025
13.218,0.0,0.0,0.025
13.219,0.0,0.0,0.025
13.22,0.0,0.0,0.025
13.221,0.0,0.0,0.025
13.222,0.0,0.0,0.025
13.223,0.0,0.0,0.023
13.224,0.0,0.0,0.023
13.225,0.0,0.0,0.024
13.226,0.0,0.0,0.023
13.227,0.0,0.0,0.022
13.228,0.0,0.0,0.023
13.229,0.0,0.0,0.023
13.23,0.0,0.0,0.023
13.231,0.0,0.0,0.023
13.232,0.0,0.0,0.022
13.233,0.0,0.0,0.021
13.234,0.0,0.0,0.023
13.235,0.0,0.0,0.023
13.236,0.0,0.0,0.021
13.237,0.0,0.0,0.021
13.238,0.0,0.0,0.022
13.239,0.0,0.0,0.023
13.24,0.0,0.0,0.024
13.241,0.0,0.0,0.022
13.242,0.0,0.0,0.022
13.243,0.0,0.0,0.022
13.244,0.0,0.0,0.023
13.245,0.0,0.0,0.022
13.246,0.0,0.0,0.02
13.247,0.0,0.0,0.02
13.248,0.0,0.0,0.021
13.249,0.0,0.0,0.02
13.25,0.0,0.0,0.018
13.251,0.0,0.0,0.018
13.252,0.0,0.0,0.019
13.253,0.0,0.0,0.018
13.254,0.0,0.0,0.016
13.255,0.0,0.0,0.016
13.256,0.0,0.0,0.017
13.257,0.0,0.0,0.016
13.258,0.0,0.0,0.015
13.259,0.0,0.0,0.015
13.26,0.0,0.0,0.015
13.261,0.0,0.0,0.015
13.262,0.0,0.0,0.015
13.263,0.0,0.0,0.014
13.264,0.0,0.0,0.015
13.265,0.0,0.0,0.016
13.266,0.0,0.0,0.016
13.267,0.0,0.0,0.016
13.268,0.0,0.0,0.017
13.269,0.0,0.0,0.018
13.27,0.0,0.0,0.02
13.271,0.0,0.0,0.02
13.272,0.0,0.0,0.02
13.273,0.0,0.0,0.021
13.274,0.0,0.0,0.023
13.275,0.0,0.0,0.022
13.276,0.0,0.0,0.022
13.277,0.0,0.0,0.022
13.278,0.0,0.0,0.023
13.279,0.0,0.0,0.024
13.28,0.0,0.0,0.024
13.281,0.0,0.0,0.023
13.282,0.0,0.0,0.023
13.283,0.0,0.0,0.025
13.284,0.0,0.0,0.024
13.285,0.0,0.0,0.023
13.286,0.0,0.0,0.023
13.287,0.0,0.0,0.024
13.288,0.0,0.0,0.024
13.289,0.0,0.0,0.023
13.29,0.0,0.0,0.024
13.291,0.0,0.0,0.025
13.292,0.0,0.0,0.026
13.293,0.0,0.0,0.026
13.294,0.0,0.0,0.026
13.295,0.0,0.0,0.027
13.296,0.0,0.0,0.029
13.297,0.0,0.0,0.03
13.298,0.0,0.0,0.03
13.299,0.0,0.0,0.029
13.3,0.0,0.0,0.031
13.301,0.0,0.0,0.034
13.302,0.0,0.0,0.034
13.303,0.0,0.0,0.034
13.304,0.0,0.0,0.034
13.305,0.0,0.0,0.033
13.306,0.0,0.0,0.034
13.307,0.0,0.0,0.036
13.308,0.0,0.0,0.038
13.309,0.0,0.0,0.037
13.31,0.0,0.0,0.034
13.311,0.0,0.0,0.032
13.312,0.0,0.0,0.033
13.313,0.0,0.0,0.034
13.314,0.0,0.0,0.034
13.315,0.0,0.0,0.03
13.316,0.0,0.0,0.028
13.317,0.0,0.0,0.029
13.318,0.0,0.0,0.03
13.319,0.0,0.0,0.03
13.32,0.0,0.0,0.027
13.321,0.0,0.0,0.026
13.322,0.0,0.0,0.028
13.323,0.0,0.0,0.032
13.324,0.0,0.0,0.031
13.325,0.0,0.0,0.029
13.326,0.0,0.0,0.031
13.327,0.0,0.0,0.034
13.328,0.0,0.0,0.036
13.329,0.0,0.0,0.039
13.33,0.0,0.0,0.042
13.331,0.0,0.0,0.044
13.332,0.0,0.0,0.041
13.333,0.0,0.0,0.039
13.334,0.0,0.0,0.043
13.335,0.0,0.0,0.046
13.336,0.0,0.0,0.041
13.337,0.0,0.0,0.035
13.338,0.0,0.0,0.035
13.339,0.0,0.0,0.039
13.34,0.0,0.0,0.04
13.341,0.0,0.0,0.036
13.342,0.0,0.0,0.033
13.343,0.0,0.0,0.033
13.344,0.0,0.0,0.034
13.345,0.0,0.0,0.033
13.346,0.0,0.0,0.033
13.347,0.0,0.0,0.034
13.348,0.0,0.0,0.03
13.349,0.0,0.0,0.03
13.35,0.0,0.0,0.033
13.351,0.0,0.0,0.036
13.352,0.0,0.0,0.035
13.353,0.0,0.0,0.034
13.354,0.0,0.0,0.035
13.355,0.0,0.0,0.036
13.356,0.0,0.0,0.039
13.357,0.0,0.0,0.041
13.358,0.0,0.0,0.042
13.359,0.0,0.0,0.041
13.36,0.0,0.0,0.04
13.361,0.0,0.0,0.043
13.362,0.0,0.0,0.05
13.363,0.0,0.0,0.053
13.364,0.0,0.0,0.049
13.365,0.0,0.0,0.046
13.366,0.0,0.0,0.052
13.367,0.0,0.0,0.061
13.368,0.0,0.0,0.061
13.369,0.0,0.0,0.054
13.37,0.0,0.0,0.052
13.371,0.0,0.0,0.054
13.372,0.0,0.0,0.056
13.373,0.0,0.0,0.057
13.374,0.0,0.0,0.058
13.375,0.0,0.0,0.057
13.376,0.0,0.0,0.057
13.377,0.0,0.0,0.059
13.378,0.0,0.0,0.065
13.379,0.0,0.0,0.067
13.38,0.0,0.0,0.065
13.381,0.0,0.0,0.057
13.382,0.0,0.0,0.056
13.383,0.0,0.0,0.063
13.384,0.0,0.0,0.065
13.385,0.0,0.0,0.059
13.386,0.0,0.0,0.053
13.387,0.0,0.0,0.054
13.388,0.0,0.0,0.058
13.389,0.0,0.0,0.059
13.39,0.0,0.0,0.055
13.391,0.0,0.0,0.05
13.392,0.0,0.0,0.05
13.393,0.0,0.0,0.048
13.394,0.0,0.0,0.046
13.395,0.0,0.0,0.047
13.396,0.0,0.0,0.047
13.397,0.0,0.0,0.044
13.398,0.0,0.0,0.04
13.399,0.0,0.0,0.042
13.4,0.0,0.0,0.046
13.401,0.0,0.0,0.047
13.402,0.0,0.0,0.043
13.403,0.0,0.0,0.04
13.404,0.0,0.0,0.041
13.405,0.0,0.0,0.042
13.406,0.0,0.0,0.042
13.407,0.0,0.0,0.041
13.408,0.0,0.0,0.038
13.409,0.0,0.0,0.037
13.41,0.0,0.0,0.038
13.411,0.0,0.0,0.038
13.412,0.0,0.0,0.038
13.413,0.0,0.0,0.039
13.414,0.0,0.0,0.037
13.415,0.0,0.0,0.036
13.416,0.0,0.0,0.038
13.417,0.0,0.0,0.04
13.418,0.0,0.0,0.041
13.419,0.0,0.0,0.041
13.42,0.0,0.0,0.038
13.421,0.0,0.0,0.039
13.422,0.0,0.0,0.043
13.423,0.0,0.0,0.046
13.424,0.0,0.0,0.042
13.425,0.0,0.0,0.04
13.426,0.0,0.0,0.045
13.427,0.0,0.0,0.05
13.428,0.0,0.0,0.045
13.429,0.0,0.0,0.04
13.43,0.0,0.0,0.041
13.431,0.0,0.0,0.04
13.432,0.0,0.0,0.038
13.433,0.0,0.0,0.036
13.434,0.0,0.0,0.035
13.435,0.0,0.0,0.035
13.436,0.0,0.0,0.034
13.437,0.0,0.0,0.031
13.438,0.0,0.0,0.031
13.439,0.0,0.0,0.033
13.44,0.0,0.0,0.033
13.441,0.0,0.0,0.029
13.442,0.0,0.0,0.028
13.443,0.0,0.0,0.03
13.444,0.0,0.0,0.029
13.445,0.0,0.0,0.027
13.446,0.0,0.0,0.027
13.447,0.0,0.0,0.027
13.448,0.0,0.0,0.027
13.449,0.0,0.0,0.027
13.45,0.0,0.0,0.027
13.451,0.0,0.0,0.026
13.452,0.0,0.0,0.026
13.453,0.0,0.0,0.026
13.454,0.0,0.0,0.025
13.455,0.0,0.0,0.025
13.456,0.0,0.0,0.025
13.457,0.0,0.0,0.023
13.458,0.0,0.0,0.021
13.459,0.0,0.0,0.021
13.46,0.0,0.0,0.022
13.461,0.0,0.0,0.023
13.462,0.0,0.0,0.022
13.463,0.0,0.0,0.021
13.464,0.0,0.0,0.02
13.465,0.0,0.0,0.022
13.466,0.0,0.0,0.023
13.467,0.0,0.0,0.022
13.468,0.0,0.0,0.02
13.469,0.0,0.0,0.021
13.47,0.0,0.0,0.024
13.471,0.0,0.0,0.023
13.472,0.0,0.0,0.021
13.473,0.0,0.0,0.021
13.474,0.0,0.0,0.021
13.475,0.0,0.0,0.021
13.476,0.0,0.0,0.022
13.477,0.0,0.0,0.022
13.478,0.0,0.0,0.02
13.479,0.0,0.0,0.02
13.48,0.0,0.0,0.019
13.481,0.0,0.0,0.018
13.482,0.0,0.0,0.019
13.483,0.0,0.0,0.019
13.484,0.0,0.0,0.017
13.485,0.0,0.0,0.016
13.486,0.0,0.0,0.017
13.487,0.0,0.0,0.016
13.488,0.0,0.0,0.016
13.489,0.0,0.0,0.015
13.49,0.0,0.0,0.015
13.491,0.0,0.0,0.015
13.492,0.0,0.0,0.015
13.493,0.0,0.0,0.016
13.494,0.0,0.0,0.015
13.495,0.0,0.0,0.014
13.496,0.0,0.0,0.015
13.497,0.0,0.0,0.015
13.498,0.0,0.0,0.014
13.499,0.0,0.0,0.014
13.5,0.0,0.0,0.015
13.501,0.0,0.0,0.014
13.502,0.0,0.0,0.013
13.503,0.0,0.0,0.013
13.504,0.0,0.0,0.013
13.505,0.0,0.0,0.013
13.506,0.0,0.0,0.014
13.507,0.0,0.0,0.014
13.508,0.0,0.0,0.013
13.509,0.0,0.0,0.013
13.51,0.0,0.0,0.014
13.511,0.0,0.0,0.014
13.512,0.0,0.0,0.013
13.513,0.0,0.0,0.013
13.514,0.0,0.0,0.013
13.515,0.0,0.0,0.013
13.516,0.0,0.0,0.014
13.517,0.0,0.0,0.013
13.518,0.0,0.0,0.013
13.519,0.0,0.0,0.013
13.52,0.0,0.0,0.014
13.521,0.0,0.0,0.013
13.522,0.0,0.0,0.014
13.523,0.0,0.0,0.015
13.524,0.0,0.0,0.016
13.525,0.0,0.0,0.016
13.526,0.0,0.0,0.016
13.527,0.0,0.0,0.017
13.528,0.0,0.0,0.018
13.529,0.0,0.0,0.017
13.53,0.0,0.0,0.017
13.531,0.0,0.0,0.021
13.532,0.0,0.0,0.022
13.533,0.0,0.0,0.022
13.534,0.0,0.0,0.022
13.535,0.0,0.0,0.023
13.536,0.0,0.0,0.025
13.537,0.0,0.0,0.024
13.538,0.0,0.0,0.024
13.539,0.0,0.0,0.026
13.54,0.0,0.0,0.027
13.541,0.0,0.0,0.028
13.542,0.0,0.0,0.029
13.543,0.0,0.0,0.028
13.544,0.0,0.0,0.027
13.545,0.0,0.0,0.027
13.546,0.0,0.0,0.027
13.547,0.0,0.0,0.027
13.548,0.0,0.0,0.028
13.549,0.0,0.0,0.03
13.55,0.0,0.0,0.031
13.551,0.0,0.0,0.031
13.552,0.0,0.0,0.031
13.553,0.0,0.0,0.03
13.554,0.0,0.0,0.03
13.555,0.0,0.0,0.031
13.556,0.0,0.0,0.031
13.557,0.0,0.0,0.029
13.558,0.0,0.0,0.027
13.559,0.0,0.0,0.026
13.56,0.0,0.0,0.025
13.561,0.0,0.0,0.024
13.562,0.0,0.0,0.022
13.563,0.0,0.0,0.021
13.564,0.0,0.0,0.02
13.565,0.0,0.0,0.022
13.566,0.0,0.0,0.022
13.567,0.0,0.0,0.02
13.568,0.0,0.0,0.017
13.569,0.0,0.0,0.017
13.57,0.0,0.0,0.016
13.571,0.0,0.0,0.016
13.572,0.0,0.0,0.015
13.573,0.0,0.0,0.012
13.574,0.0,0.0,0.011
13.575,0.0,0.0,0.01
13.576,0.0,0.0,0.008
13.577,0.0,0.0,0.006
13.578,0.0,0.0,0.005
13.579,0.0,0.0,0.005
13.58,0.0,0.0,0.004
13.581,0.0,0.0,0.003
13.582,0.0,0.0,0.003
13.583,0.0,0.0,0.002
13.584,0.0,0.0,0.002
13.585,0.0,0.0,0.002
13.586,0.0,0.0,0.001
13.587,0.0,0.0,0.001
13.588,0.0,0.0,0.001
13.589,0.0,0.0,0.001
13.59,0.0,0.0,0.001
13.591,0.0,0.0,0.001
13.592,0.0,0.0,0.001
13.593,0.0,0.0,0.001
13.594,0.0,0.0,0.001
13.595,0.0,0.0,0.001
13.596,0.0,0.0,0.001
13.597,0.0,0.0,0.0
13.598,0.0,0.0,0.0
13.599,0.0,0.0,0.001
13.6,0.0,0.0,0.001
13.601,0.0,0.0,0.001
13.602,0.0,0.0,0.001
13.603,0.0,0.0,0.001
13.604,0.0,0.0,0.001
